time 	 DTRot 	 PhaPC 	 PhaPHPC	T1Rot 	 T2Rot 	 T3Rot 	 T4Rot 	 T5Rot 	 TmoyRot
0.4286 	 3.9569 	 39.2500 	 -69.9340 	   32.7758 	 31.5030 	 29.0251 	 29.3780 	 31.4010 	 30.8166
0.8571 	 3.8804 	 35.7500 	 -73.4359 	   34.3456 	 33.0389 	 30.6794 	 30.9029 	 32.9711 	 32.3876
1.2857 	 4.5675 	 39.0000 	 -70.6932 	   36.3835 	 34.9319 	 32.1045 	 32.3044 	 34.7294 	 34.0908
1.7143 	 4.8825 	 38.5000 	 -70.7714 	   37.8901 	 36.3530 	 33.3429 	 33.5040 	 36.0988 	 35.4377
2.1429 	 5.1357 	 39.7500 	 -69.2865 	   39.1835 	 37.6098 	 34.4327 	 34.5340 	 37.2566 	 36.6033
2.5714 	 5.3397 	 40.7500 	 -68.1974 	   40.3011 	 38.7082 	 35.3949 	 35.4367 	 38.2613 	 37.6204
3.0000 	 5.5304 	 42.2500 	 -66.6364 	   41.2903 	 39.7032 	 36.2517 	 36.2225 	 39.1292 	 38.5194
3.4286 	 5.6706 	 43.5000 	 -65.4346 	   42.1627 	 40.5910 	 37.0461 	 36.9399 	 39.8965 	 39.3272
3.8571 	 5.6995 	 43.5000 	 -65.1389 	   42.9027 	 41.3298 	 37.7577 	 37.6463 	 40.6246 	 40.0522
4.2857 	 5.7548 	 44.7500 	 -63.9674 	   43.5852 	 42.0495 	 38.4305 	 38.2596 	 41.2467 	 40.7143
4.7143 	 5.7941 	 45.7500 	 -63.3647 	   44.2021 	 42.7073 	 39.0487 	 38.8189 	 41.8086 	 41.3171
5.1429 	 5.8324 	 47.0000 	 -62.0927 	   44.7622 	 43.3080 	 39.6257 	 39.3317 	 42.3198 	 41.8695
5.5714 	 5.8465 	 48.0000 	 -60.9711 	   45.2721 	 43.8624 	 40.1579 	 39.8136 	 42.7866 	 42.3785
6.0000 	 5.8493 	 49.0000 	 -60.0351 	   45.7313 	 44.3678 	 40.6584 	 40.2585 	 43.2095 	 42.8451
6.4286 	 5.8581 	 50.0000 	 -59.1698 	   46.1628 	 44.8485 	 41.1236 	 40.6695 	 43.6005 	 43.2810
6.8571 	 5.8627 	 51.0000 	 -58.4142 	   46.5611 	 45.2945 	 41.5604 	 41.0523 	 43.9623 	 43.6861
7.2857 	 5.9052 	 52.0000 	 -57.2508 	   46.9445 	 45.7284 	 41.9684 	 41.3736 	 44.2820 	 44.0594
7.7143 	 5.9220 	 52.7500 	 -56.3623 	   47.2963 	 46.1204 	 42.3434 	 41.7035 	 44.5948 	 44.4117
8.1429 	 5.9366 	 54.0000 	 -55.4307 	   47.6238 	 46.5005 	 42.7109 	 42.0152 	 44.8834 	 44.7468
8.5714 	 5.9557 	 54.7500 	 -54.6392 	   47.9323 	 46.8573 	 43.0539 	 42.2970 	 45.1451 	 45.0571
9.0000 	 5.9617 	 55.5000 	 -53.9756 	   48.2208 	 47.1890 	 43.3809 	 42.5801 	 45.4058 	 45.3553
9.4286 	 5.9826 	 56.2500 	 -53.3315 	   48.4981 	 47.5070 	 43.6888 	 42.8332 	 45.6460 	 45.6346
9.8571 	 5.9995 	 57.2500 	 -52.6000 	   48.7557 	 47.8120 	 43.9871 	 43.0713 	 45.8682 	 45.8989
10.2857 	 6.0099 	 57.7500 	 -52.0312 	   49.0018 	 48.0924 	 44.2677 	 43.3056 	 46.0849 	 46.1505
10.7143 	 6.0256 	 58.7500 	 -51.1968 	   49.2377 	 48.3701 	 44.5351 	 43.5268 	 46.2906 	 46.3921
11.1429 	 6.0301 	 59.0000 	 -50.7559 	   49.4600 	 48.6181 	 44.7905 	 43.7444 	 46.4903 	 46.6207
11.5714 	 6.0431 	 59.7500 	 -50.0875 	   49.6736 	 48.8706 	 45.0369 	 43.9499 	 46.6766 	 46.8415
12.0000 	 6.0581 	 60.2500 	 -49.8497 	   49.8801 	 49.1083 	 45.2721 	 44.1436 	 46.8552 	 47.0518
12.4286 	 6.0529 	 61.2500 	 -48.8618 	   50.0251 	 49.3015 	 45.4772 	 44.2973 	 46.9749 	 47.2152
12.8571 	 6.0718 	 61.5000 	 -48.6787 	   50.2211 	 49.5125 	 45.6820 	 44.4764 	 47.1484 	 47.4081
13.2857 	 6.0835 	 62.2500 	 -48.0144 	   50.3838 	 49.7153 	 45.8859 	 44.6336 	 47.2876 	 47.5812
13.7143 	 6.0894 	 62.5000 	 -47.7589 	   50.5604 	 49.9104 	 46.0766 	 44.8056 	 47.4425 	 47.7591
14.1429 	 6.0995 	 63.0000 	 -47.2922 	   50.7214 	 50.0993 	 46.2661 	 44.9618 	 47.5835 	 47.9264
14.5714 	 6.1121 	 63.2500 	 -46.9046 	   50.8855 	 50.2822 	 46.4458 	 45.1164 	 47.7272 	 48.0914
15.0000 	 6.1245 	 63.7500 	 -46.4320 	   51.0413 	 50.4598 	 46.6211 	 45.2645 	 47.8637 	 48.2501
15.4286 	 6.1406 	 64.0000 	 -46.1670 	   51.1973 	 50.6328 	 46.7888 	 45.4083 	 47.9998 	 48.4054
15.8571 	 6.1545 	 64.5000 	 -45.6845 	   51.3465 	 50.8006 	 46.9526 	 45.5481 	 48.1311 	 48.5558
16.2857 	 6.1727 	 64.7500 	 -45.5809 	   51.4954 	 50.9650 	 47.1099 	 45.6833 	 48.2610 	 48.7029
16.7143 	 6.1880 	 65.0000 	 -45.3456 	   51.6385 	 51.1245 	 47.2641 	 45.8153 	 48.3867 	 48.8458
17.1429 	 6.2202 	 65.2500 	 -45.0435 	   51.7844 	 51.2812 	 47.4104 	 45.9343 	 48.5086 	 48.9838
17.5714 	 6.2356 	 65.5000 	 -44.7957 	   51.9206 	 51.4314 	 47.5548 	 46.0586 	 48.6293 	 49.1190
18.0000 	 6.2556 	 65.7500 	 -44.3704 	   52.0572 	 51.5787 	 47.6947 	 46.1795 	 48.7488 	 49.2518
18.4286 	 6.2629 	 65.7500 	 -44.4045 	   52.1848 	 51.7180 	 47.8329 	 46.2984 	 48.8631 	 49.3794
18.8571 	 6.3004 	 66.0000 	 -44.1145 	   52.3189 	 51.8662 	 47.9638 	 46.4030 	 48.9743 	 49.5052
19.2857 	 6.3048 	 66.2500 	 -43.9476 	   52.4392 	 51.9990 	 48.0986 	 46.5203 	 49.0850 	 49.6284
19.7143 	 6.3382 	 66.2500 	 -43.8722 	   52.5711 	 52.1405 	 48.2211 	 46.6256 	 49.1921 	 49.7501
20.1429 	 6.3460 	 66.5000 	 -43.9095 	   52.6864 	 52.2705 	 48.3513 	 46.7362 	 49.2976 	 49.8684
20.5714 	 6.3641 	 66.7500 	 -43.4171 	   52.8091 	 52.3975 	 48.4706 	 46.8438 	 49.4066 	 49.9855
21.0000 	 6.3823 	 67.0000 	 -43.3865 	   52.9247 	 52.5262 	 48.5916 	 46.9457 	 49.5070 	 50.0990
21.4286 	 6.4076 	 67.0000 	 -43.3459 	   53.0439 	 52.6519 	 48.7048 	 47.0431 	 49.6076 	 50.2102
21.8571 	 6.4164 	 67.2500 	 -43.1343 	   53.1539 	 52.7707 	 48.8223 	 47.1472 	 49.7099 	 50.3208
22.2857 	 6.4333 	 67.2500 	 -43.0981 	   53.2671 	 52.8894 	 48.9333 	 47.2463 	 49.8104 	 50.4293
22.7143 	 6.4501 	 67.5000 	 -42.8598 	   53.3770 	 53.0074 	 49.0441 	 47.3426 	 49.9077 	 50.5357
23.1429 	 6.4656 	 67.5000 	 -42.8338 	   53.4862 	 53.1215 	 49.1518 	 47.4388 	 50.0058 	 50.6408
23.5714 	 6.4821 	 67.7500 	 -42.5831 	   53.5934 	 53.2354 	 49.2583 	 47.5325 	 50.1010 	 50.7441
24.0000 	 6.4968 	 67.7500 	 -42.5618 	   53.6992 	 53.3458 	 49.3627 	 47.6258 	 50.1964 	 50.8460
24.4286 	 6.5094 	 67.7500 	 -42.3941 	   53.8031 	 53.4558 	 49.4653 	 47.7184 	 50.2893 	 50.9463
24.8571 	 6.5143 	 67.7500 	 -42.3916 	   53.9049 	 53.5631 	 49.5681 	 47.8154 	 50.3813 	 51.0465
25.2857 	 6.5271 	 68.0000 	 -42.1898 	   54.0046 	 53.6707 	 49.6712 	 47.9055 	 50.4701 	 51.1444
25.7143 	 6.5415 	 68.0000 	 -42.1633 	   54.1058 	 53.7751 	 49.7690 	 47.9942 	 50.5609 	 51.2410
26.1429 	 6.5527 	 68.2500 	 -42.0808 	   54.2036 	 53.8780 	 49.8673 	 48.0825 	 50.6488 	 51.3360
26.5714 	 6.5540 	 68.2500 	 -42.1152 	   54.2972 	 53.9760 	 49.9660 	 48.1766 	 50.7395 	 51.4311
27.0000 	 6.5782 	 68.2500 	 -42.0390 	   54.3994 	 54.0804 	 50.0592 	 48.2565 	 50.8249 	 51.5241
27.4286 	 6.5867 	 68.2500 	 -42.0906 	   54.4909 	 54.1785 	 50.1548 	 48.3417 	 50.9090 	 51.6150
27.8571 	 6.5913 	 68.5000 	 -41.6765 	   54.5840 	 54.2725 	 50.2477 	 48.4314 	 50.9986 	 51.7068
28.2857 	 6.6043 	 68.5000 	 -41.6492 	   54.6776 	 54.3696 	 50.3391 	 48.5139 	 51.0830 	 51.7966
28.7143 	 6.6369 	 68.5000 	 -41.5797 	   54.7751 	 54.4695 	 50.4277 	 48.5833 	 51.1649 	 51.8841
29.1429 	 6.6485 	 68.5000 	 -41.7294 	   54.8656 	 54.5623 	 50.5142 	 48.6629 	 51.2478 	 51.9706
29.5714 	 6.6663 	 68.5000 	 -41.5259 	   54.9586 	 54.6565 	 50.6003 	 48.7402 	 51.3306 	 52.0572
30.0000 	 6.6834 	 68.7500 	 -41.4331 	   55.0499 	 54.7530 	 50.6943 	 48.8173 	 51.4094 	 52.1448
30.4286 	 6.6984 	 68.7500 	 -41.4055 	   55.1402 	 54.8449 	 50.7781 	 48.8941 	 51.4906 	 52.2296
30.8571 	 6.7131 	 68.7500 	 -41.3869 	   55.2289 	 54.9362 	 50.8635 	 48.9699 	 51.5701 	 52.3137
31.2857 	 6.7275 	 68.7500 	 -41.3620 	   55.3173 	 55.0259 	 50.9468 	 49.0452 	 51.6495 	 52.3969
31.7143 	 6.7414 	 68.7500 	 -41.3392 	   55.4044 	 55.1146 	 51.0293 	 49.1198 	 51.7281 	 52.4793
32.1429 	 6.7553 	 68.7500 	 -41.1434 	   55.4911 	 55.2023 	 51.1106 	 49.1938 	 51.8064 	 52.5609
32.5714 	 6.7685 	 68.7500 	 -41.1209 	   55.5767 	 55.2889 	 51.1912 	 49.2672 	 51.8839 	 52.6416
33.0000 	 6.7838 	 69.0000 	 -40.8497 	   55.6631 	 55.3773 	 51.2706 	 49.3404 	 51.9596 	 52.7222
33.4286 	 6.7971 	 69.0000 	 -40.8348 	   55.7470 	 55.4622 	 51.3479 	 49.4120 	 52.0353 	 52.8009
33.8571 	 6.8101 	 69.0000 	 -40.8200 	   55.8306 	 55.5462 	 51.4256 	 49.4836 	 52.1108 	 52.8794
34.2857 	 6.8226 	 69.0000 	 -40.8140 	   55.9128 	 55.6294 	 51.5026 	 49.5543 	 52.1851 	 52.9568
34.7143 	 6.8358 	 69.0000 	 -40.9687 	   55.9951 	 55.7117 	 51.5788 	 49.6246 	 52.2594 	 53.0339
35.1429 	 6.8480 	 69.0000 	 -40.9512 	   56.0764 	 55.7930 	 51.6542 	 49.6942 	 52.3332 	 53.1102
35.5714 	 6.8599 	 69.0000 	 -40.9381 	   56.1568 	 55.8735 	 51.7292 	 49.7634 	 52.4063 	 53.1859
36.0000 	 6.8723 	 69.0000 	 -40.9183 	   56.2372 	 55.9533 	 51.8031 	 49.8318 	 52.4792 	 53.2609
36.4286 	 6.8843 	 69.0000 	 -40.9027 	   56.3165 	 56.0324 	 51.8766 	 49.8997 	 52.5513 	 53.3353
36.8571 	 6.8532 	 68.7500 	 -41.2073 	   56.3866 	 56.1001 	 51.9495 	 49.9959 	 52.6350 	 53.4134
37.2857 	 6.8887 	 69.0000 	 -41.0439 	   56.4693 	 56.1844 	 52.0281 	 50.0487 	 52.6983 	 53.4858
37.7143 	 6.8849 	 68.7500 	 -41.2658 	   56.5635 	 56.2716 	 52.1042 	 50.1428 	 52.8016 	 53.5767
38.1429 	 6.8747 	 68.7500 	 -41.3083 	   56.6155 	 56.3344 	 52.1719 	 50.2080 	 52.8468 	 53.6353
38.5714 	 6.9127 	 68.7500 	 -41.1671 	   56.7085 	 56.4149 	 52.2414 	 50.2614 	 52.9246 	 53.7102
39.0000 	 6.9136 	 69.0000 	 -40.8718 	   56.7701 	 56.4896 	 52.3102 	 50.3271 	 52.9863 	 53.7767
39.4286 	 6.8996 	 68.7500 	 -41.0119 	   56.8467 	 56.5551 	 52.3784 	 50.4111 	 53.0653 	 53.8513
39.8571 	 6.9437 	 68.7500 	 -41.1283 	   56.9268 	 56.6368 	 52.4472 	 50.4523 	 53.1234 	 53.9173
40.2857 	 6.9526 	 68.7500 	 -41.2237 	   56.9984 	 56.7101 	 52.5144 	 50.5142 	 53.1888 	 53.9852
40.7143 	 6.9675 	 68.7500 	 -40.9578 	   57.0740 	 56.7815 	 52.5791 	 50.5754 	 53.2573 	 54.0535
41.1429 	 6.9796 	 68.7500 	 -41.1507 	   57.1458 	 56.8546 	 52.6458 	 50.6356 	 53.3218 	 54.1207
41.5714 	 6.9921 	 68.7500 	 -41.0993 	   57.2198 	 56.9249 	 52.7101 	 50.6969 	 53.3896 	 54.1882
42.0000 	 6.9939 	 68.7500 	 -41.0371 	   57.2890 	 56.9938 	 52.7735 	 50.7655 	 53.4625 	 54.2569
42.4286 	 7.0138 	 68.7500 	 -41.0690 	   57.3634 	 57.0657 	 52.8406 	 50.8188 	 53.5199 	 54.3217
42.8571 	 7.0209 	 68.7500 	 -40.9816 	   57.4333 	 57.1337 	 52.9010 	 50.8844 	 53.5964 	 54.3898
43.2857 	 7.0421 	 68.7500 	 -40.8481 	   57.5057 	 57.2042 	 52.9655 	 50.9340 	 53.6501 	 54.4519
43.7143 	 7.0465 	 68.7500 	 -40.9282 	   57.5756 	 57.2710 	 53.0232 	 51.0006 	 53.7272 	 54.5195
44.1429 	 7.0665 	 68.5000 	 -41.0499 	   57.6461 	 57.3406 	 53.0893 	 51.0501 	 53.7788 	 54.5810
44.5714 	 7.0697 	 68.7500 	 -40.8734 	   57.7158 	 57.4065 	 53.1454 	 51.1172 	 53.8561 	 54.6482
45.0000 	 7.0891 	 68.5000 	 -41.0018 	   57.7849 	 57.4754 	 53.2117 	 51.1663 	 53.9063 	 54.7089
45.4286 	 7.0924 	 68.7500 	 -40.8279 	   57.8540 	 57.5405 	 53.2669 	 51.2324 	 53.9831 	 54.7754
45.8571 	 7.1118 	 68.5000 	 -40.9589 	   57.9220 	 57.6086 	 53.3325 	 51.2806 	 54.0321 	 54.8352
46.2857 	 7.1148 	 68.5000 	 -41.0369 	   57.9902 	 57.6727 	 53.3869 	 51.3460 	 54.1082 	 54.9008
46.7143 	 7.1341 	 68.5000 	 -40.9174 	   58.0573 	 57.7399 	 53.4518 	 51.3934 	 54.1562 	 54.9597
47.1429 	 7.1495 	 68.5000 	 -40.8085 	   58.1293 	 57.8059 	 53.5058 	 51.4491 	 54.2248 	 55.0230
47.5714 	 7.1438 	 68.5000 	 -40.8064 	   58.1868 	 57.8658 	 53.5664 	 51.5130 	 54.2874 	 55.0839
48.0000 	 7.1716 	 68.2500 	 -41.1923 	   58.2628 	 57.9339 	 53.6238 	 51.5597 	 54.3447 	 55.1450
48.4286 	 7.1765 	 68.2500 	 -41.0157 	   58.3228 	 57.9962 	 53.6824 	 51.6149 	 54.4032 	 55.2039
48.8571 	 7.1921 	 68.2500 	 -41.1608 	   58.3922 	 58.0601 	 53.7382 	 51.6684 	 54.4643 	 55.2647
49.2857 	 7.2006 	 68.2500 	 -40.9762 	   58.4544 	 58.1228 	 53.7965 	 51.7220 	 54.5219 	 55.3235
49.7143 	 7.2132 	 68.2500 	 -41.1240 	   58.5210 	 58.1852 	 53.8522 	 51.7755 	 54.5822 	 55.3832
50.1429 	 7.2228 	 68.2500 	 -40.9298 	   58.5837 	 58.2472 	 53.9094 	 51.8286 	 54.6398 	 55.4417
50.5714 	 7.2342 	 68.2500 	 -41.0882 	   58.6484 	 58.3089 	 53.9651 	 51.8815 	 54.6987 	 55.5005
51.0000 	 7.2432 	 68.2500 	 -41.0688 	   58.7111 	 58.3707 	 54.0281 	 51.9349 	 54.7558 	 55.5601
51.4286 	 7.2537 	 68.2500 	 -41.0519 	   58.7745 	 58.4323 	 54.0840 	 51.9878 	 54.8137 	 55.6185
51.8571 	 7.2637 	 68.0000 	 -41.2847 	   58.8370 	 58.4931 	 54.1410 	 52.0400 	 54.8707 	 55.6764
52.2857 	 7.2740 	 68.0000 	 -41.2655 	   58.8995 	 58.5538 	 54.1969 	 52.0921 	 54.9278 	 55.7340
52.7143 	 7.2840 	 68.0000 	 -41.2476 	   58.9614 	 58.6140 	 54.2526 	 52.1437 	 54.9843 	 55.7912
53.1429 	 7.2942 	 68.0000 	 -41.2287 	   59.0231 	 58.6739 	 54.3078 	 52.1951 	 55.0406 	 55.8481
53.5714 	 7.3043 	 68.0000 	 -41.2104 	   59.0844 	 58.7335 	 54.3628 	 52.2462 	 55.0965 	 55.9047
54.0000 	 7.3143 	 68.0000 	 -41.1916 	   59.1454 	 58.7926 	 54.4173 	 52.2970 	 55.1523 	 55.9609
54.4286 	 7.3245 	 68.0000 	 -41.1751 	   59.2061 	 58.8518 	 54.4735 	 52.3472 	 55.2075 	 56.0172
54.8571 	 7.3329 	 68.0000 	 -41.1597 	   59.2663 	 58.9101 	 54.5279 	 52.3980 	 55.2624 	 56.0729
55.2857 	 7.3545 	 68.0000 	 -40.9782 	   59.3266 	 58.9746 	 54.5888 	 52.4393 	 55.3082 	 56.1275
55.7143 	 7.3640 	 68.0000 	 -41.1218 	   59.3869 	 59.0315 	 54.6415 	 52.4889 	 55.3639 	 56.1825
56.1429 	 7.3776 	 68.0000 	 -40.9283 	   59.4467 	 59.0915 	 54.6961 	 52.5361 	 55.4159 	 56.2372
56.5714 	 7.3874 	 68.0000 	 -41.0899 	   59.5059 	 59.1487 	 54.7495 	 52.5849 	 55.4697 	 56.2917
57.0000 	 7.3992 	 68.0000 	 -40.8842 	   59.5652 	 59.2067 	 54.8024 	 52.6326 	 55.5226 	 56.3459
57.4286 	 7.4087 	 67.7500 	 -41.2957 	   59.6235 	 59.2632 	 54.8550 	 52.6810 	 55.5758 	 56.3997
57.8571 	 7.3636 	 67.2500 	 -41.5285 	   59.7032 	 59.3168 	 54.9064 	 52.7904 	 55.6758 	 56.4785
58.2857 	 7.3665 	 67.5000 	 -41.3518 	   59.7370 	 59.3650 	 54.9596 	 52.8300 	 55.7028 	 56.5189
58.7143 	 7.3655 	 67.2500 	 -41.3483 	   59.8062 	 59.4167 	 55.0073 	 52.8910 	 55.7746 	 56.5792
59.1429 	 7.3660 	 67.5000 	 -41.2859 	   59.8527 	 59.4690 	 55.0609 	 52.9404 	 55.8185 	 56.6283
59.5714 	 7.3708 	 67.2500 	 -41.3188 	   59.9151 	 59.5219 	 55.1105 	 52.9936 	 55.8788 	 56.6840
60.0000 	 7.3735 	 67.2500 	 -41.4907 	   59.9667 	 59.5745 	 55.1625 	 53.0433 	 55.9281 	 56.7350
60.4286 	 7.3791 	 67.2500 	 -41.2832 	   60.0254 	 59.6272 	 55.2127 	 53.0938 	 55.9836 	 56.7886
60.8571 	 7.3832 	 67.2500 	 -41.2712 	   60.0791 	 59.6801 	 55.2650 	 53.1433 	 56.0344 	 56.8404
61.2857 	 7.3891 	 67.0000 	 -41.4905 	   60.1362 	 59.7325 	 55.3144 	 53.1927 	 56.0881 	 56.8928
61.7143 	 7.3944 	 67.0000 	 -41.4723 	   60.1903 	 59.7849 	 55.3652 	 53.2409 	 56.1391 	 56.9441
62.1429 	 7.4008 	 67.0000 	 -41.4411 	   60.2461 	 59.8367 	 55.4143 	 53.2890 	 56.1915 	 56.9955
62.5714 	 7.4067 	 67.0000 	 -41.4204 	   60.3003 	 59.8885 	 55.4637 	 53.3364 	 56.2424 	 57.0463
63.0000 	 7.4139 	 67.0000 	 -41.4022 	   60.3554 	 59.9404 	 55.5127 	 53.3833 	 56.2935 	 57.0971
63.4286 	 7.4207 	 66.7500 	 -41.6225 	   60.4099 	 59.9916 	 55.5611 	 53.4299 	 56.3444 	 57.1474
63.8571 	 7.4282 	 66.7500 	 -41.7870 	   60.4646 	 60.0433 	 55.6097 	 53.4759 	 56.3947 	 57.1976
64.2857 	 7.4356 	 66.7500 	 -41.7705 	   60.5187 	 60.0945 	 55.6580 	 53.5216 	 56.4447 	 57.2475
64.7143 	 7.4434 	 66.7500 	 -41.7515 	   60.5730 	 60.1456 	 55.7059 	 53.5669 	 56.4946 	 57.2972
65.1429 	 7.4509 	 66.7500 	 -41.7295 	   60.6268 	 60.1963 	 55.7536 	 53.6121 	 56.5442 	 57.3466
65.5714 	 7.4589 	 66.7500 	 -41.7137 	   60.6805 	 60.2471 	 55.8010 	 53.6568 	 56.5934 	 57.3958
66.0000 	 7.4667 	 66.5000 	 -41.9402 	   60.7340 	 60.2973 	 55.8480 	 53.7014 	 56.6427 	 57.4447
66.4286 	 7.4753 	 66.5000 	 -41.7420 	   60.7873 	 60.3480 	 55.8947 	 53.7454 	 56.6913 	 57.4933
66.8571 	 7.4851 	 66.5000 	 -41.7382 	   60.8407 	 60.3990 	 55.9417 	 53.7881 	 56.7391 	 57.5417
67.2857 	 7.4933 	 66.5000 	 -41.7141 	   60.8935 	 60.4486 	 55.9876 	 53.8317 	 56.7876 	 57.5898
67.7143 	 7.5022 	 66.5000 	 -41.6985 	   60.9463 	 60.4986 	 56.0337 	 53.8746 	 56.8353 	 57.6377
68.1429 	 7.5102 	 66.2500 	 -41.8915 	   60.9997 	 60.5478 	 56.0777 	 53.9178 	 56.8842 	 57.6854
68.5714 	 7.5168 	 66.2500 	 -42.0669 	   61.0496 	 60.5966 	 56.1253 	 53.9611 	 56.9306 	 57.7326
69.0000 	 7.5257 	 66.2500 	 -41.8577 	   61.1027 	 60.6454 	 56.1696 	 54.0035 	 56.9788 	 57.7800
69.4286 	 7.5328 	 66.2500 	 -41.8463 	   61.1526 	 60.6937 	 56.2155 	 54.0459 	 57.0248 	 57.8265
69.8571 	 7.5414 	 66.2500 	 -41.8221 	   61.2047 	 60.7419 	 56.2597 	 54.0880 	 57.0723 	 57.8733
70.2857 	 7.5485 	 66.0000 	 -42.0530 	   61.2545 	 60.7895 	 56.3043 	 54.1300 	 57.1182 	 57.9193
70.7143 	 7.5566 	 66.0000 	 -42.0318 	   61.3055 	 60.8371 	 56.3484 	 54.1717 	 57.1649 	 57.9655
71.1429 	 7.5640 	 66.0000 	 -42.0143 	   61.3551 	 60.8843 	 56.3925 	 54.2132 	 57.2105 	 58.0111
71.5714 	 7.5721 	 66.0000 	 -41.9939 	   61.4054 	 60.9313 	 56.4360 	 54.2544 	 57.2565 	 58.0567
72.0000 	 7.6062 	 65.7500 	 -42.4545 	   61.4639 	 60.9819 	 56.4809 	 54.2783 	 57.2945 	 58.0999
72.4286 	 7.5895 	 66.0000 	 -41.9997 	   61.5030 	 61.0271 	 56.5253 	 54.3330 	 57.3452 	 58.1467
72.8571 	 7.6260 	 65.5000 	 -42.4739 	   61.5644 	 61.0744 	 56.5688 	 54.3572 	 57.3833 	 58.1896
73.2857 	 7.6055 	 66.0000 	 -42.1820 	   61.6008 	 61.1210 	 56.6151 	 54.4129 	 57.4329 	 58.2365
73.7143 	 7.6425 	 65.2500 	 -42.6952 	   61.6621 	 61.1653 	 56.6547 	 54.4367 	 57.4713 	 58.2780
74.1429 	 7.6225 	 65.7500 	 -42.3938 	   61.6985 	 61.2135 	 56.7003 	 54.4917 	 57.5211 	 58.3250
74.5714 	 7.6591 	 65.2500 	 -42.6637 	   61.7589 	 61.2563 	 56.7397 	 54.5153 	 57.5585 	 58.3657
75.0000 	 7.6392 	 65.7500 	 -42.1625 	   61.7949 	 61.3046 	 56.7842 	 54.5699 	 57.6087 	 58.4125
75.4286 	 7.6758 	 65.2500 	 -42.6304 	   61.8551 	 61.3466 	 56.8234 	 54.5931 	 57.6451 	 58.4527
75.8571 	 7.6551 	 65.7500 	 -42.1272 	   61.8903 	 61.3943 	 56.8697 	 54.6473 	 57.6952 	 58.4994
76.2857 	 7.6904 	 65.0000 	 -42.8454 	   61.9501 	 61.4369 	 56.9104 	 54.6723 	 57.7309 	 58.5401
76.7143 	 7.6685 	 65.5000 	 -42.3488 	   61.9832 	 61.4835 	 56.9524 	 54.7248 	 57.7810 	 58.5850
77.1429 	 7.7067 	 65.0000 	 -42.9986 	   62.0438 	 61.5304 	 56.9991 	 54.7488 	 57.8152 	 58.6275
77.5714 	 7.7056 	 65.0000 	 -42.8416 	   62.0880 	 61.5768 	 57.0362 	 54.7912 	 57.8583 	 58.6701
78.0000 	 7.7216 	 65.0000 	 -42.7723 	   62.1355 	 61.6199 	 57.0804 	 54.8233 	 57.9008 	 58.7120
78.4286 	 7.7351 	 65.0000 	 -42.8165 	   62.1837 	 61.6709 	 57.1261 	 54.8575 	 57.9396 	 58.7555
78.8571 	 7.7427 	 65.0000 	 -42.9721 	   62.2293 	 61.7132 	 57.1670 	 54.8950 	 57.9819 	 58.7973
79.2857 	 7.7545 	 65.0000 	 -42.7742 	   62.2769 	 61.7598 	 57.2083 	 54.9305 	 58.0227 	 58.8397
79.7143 	 7.7620 	 65.0000 	 -42.9494 	   62.3218 	 61.8030 	 57.2492 	 54.9674 	 58.0636 	 58.8810
80.1429 	 7.7642 	 64.7500 	 -43.1658 	   62.3683 	 61.8473 	 57.2885 	 55.0108 	 58.1048 	 58.9239
80.5714 	 7.7764 	 64.7500 	 -43.1376 	   62.4124 	 61.8878 	 57.3251 	 55.0422 	 58.1478 	 58.9630
81.0000 	 7.7806 	 64.7500 	 -42.9502 	   62.4591 	 61.9338 	 57.3682 	 55.0840 	 58.1857 	 59.0062
81.4286 	 7.7908 	 64.7500 	 -42.9063 	   62.5017 	 61.9724 	 57.4032 	 55.1157 	 58.2295 	 59.0445
81.8571 	 7.7970 	 64.7500 	 -43.1181 	   62.5492 	 62.0189 	 57.4461 	 55.1564 	 58.2665 	 59.0874
82.2857 	 7.7979 	 64.5000 	 -43.1036 	   62.5903 	 62.0563 	 57.4798 	 55.1955 	 58.3101 	 59.1264
82.7143 	 7.8183 	 64.5000 	 -43.1105 	   62.6386 	 62.1007 	 57.5188 	 55.2228 	 58.3496 	 59.1661
83.1429 	 7.8162 	 64.5000 	 -43.3109 	   62.6793 	 62.1423 	 57.5609 	 55.2654 	 58.3866 	 59.2069
83.5714 	 7.8307 	 64.5000 	 -43.2523 	   62.7251 	 62.1827 	 57.5926 	 55.2949 	 58.4302 	 59.2451
84.0000 	 7.8449 	 64.5000 	 -43.3741 	   62.7648 	 62.2271 	 57.6384 	 55.3245 	 58.4637 	 59.2837
84.4286 	 7.8556 	 64.5000 	 -43.3714 	   62.8126 	 62.2711 	 57.6736 	 55.3578 	 58.5014 	 59.3233
84.8571 	 7.8607 	 64.5000 	 -43.0842 	   62.8511 	 62.3061 	 57.7107 	 55.3932 	 58.5443 	 59.3611
85.2857 	 7.8806 	 64.5000 	 -43.2272 	   62.8971 	 62.3563 	 57.7508 	 55.4204 	 58.5753 	 59.4000
85.7143 	 7.8741 	 64.2500 	 -43.5609 	   62.9380 	 62.3903 	 57.7850 	 55.4634 	 58.6172 	 59.4388
86.1429 	 7.8875 	 64.2500 	 -43.5345 	   62.9840 	 62.4311 	 57.8169 	 55.4956 	 58.6596 	 59.4774
86.5714 	 7.8820 	 64.2500 	 -43.3120 	   63.0230 	 62.4689 	 57.8582 	 55.5393 	 58.6949 	 59.5169
87.0000 	 7.9016 	 64.2500 	 -43.3080 	   63.0671 	 62.5085 	 57.8900 	 55.5642 	 58.7378 	 59.5535
87.4286 	 7.9146 	 64.2500 	 -43.6461 	   63.1077 	 62.5546 	 57.9354 	 55.5938 	 58.7662 	 59.5916
87.8571 	 7.9214 	 64.2500 	 -43.3574 	   63.1513 	 62.5909 	 57.9679 	 55.6284 	 58.8093 	 59.6296
88.2857 	 7.9321 	 64.2500 	 -43.5788 	   63.1920 	 62.6335 	 58.0063 	 55.6597 	 58.8427 	 59.6668
88.7143 	 7.9393 	 64.2500 	 -43.3432 	   63.2345 	 62.6714 	 58.0413 	 55.6935 	 58.8821 	 59.7046
89.1429 	 7.9484 	 64.2500 	 -43.5378 	   63.2755 	 62.7117 	 58.0775 	 55.7257 	 58.9176 	 59.7416
89.5714 	 7.9559 	 64.0000 	 -43.7675 	   63.3171 	 62.7501 	 58.1129 	 55.7589 	 58.9553 	 59.7789
90.0000 	 7.9525 	 64.0000 	 -43.4891 	   63.3597 	 62.7885 	 58.1463 	 55.8024 	 58.9921 	 59.8178
90.4286 	 7.9635 	 64.0000 	 -43.4028 	   63.3982 	 62.8206 	 58.1758 	 55.8296 	 59.0354 	 59.8519
90.8571 	 7.9734 	 63.7500 	 -43.6870 	   63.4517 	 62.8672 	 58.2160 	 55.8709 	 59.0830 	 59.8978
91.2857 	 7.9794 	 63.7500 	 -43.8535 	   63.4937 	 62.9065 	 58.2519 	 55.9064 	 59.1233 	 59.9364
91.7143 	 7.9774 	 63.5000 	 -43.8603 	   63.5378 	 62.9449 	 58.2863 	 55.9485 	 59.1624 	 59.9760
92.1429 	 7.9851 	 63.7500 	 -43.8477 	   63.5665 	 62.9797 	 58.3199 	 55.9725 	 59.1852 	 60.0048
92.5714 	 7.9906 	 63.5000 	 -44.0657 	   63.6098 	 63.0143 	 58.3521 	 56.0069 	 59.2254 	 60.0417
93.0000 	 7.9965 	 63.5000 	 -44.0614 	   63.6448 	 63.0511 	 58.3864 	 56.0371 	 59.2560 	 60.0751
93.4286 	 8.0029 	 63.5000 	 -44.0426 	   63.6857 	 63.0866 	 58.4194 	 56.0697 	 59.2931 	 60.1109
93.8571 	 8.0092 	 63.5000 	 -44.0271 	   63.7231 	 63.1229 	 58.4531 	 56.1009 	 59.3267 	 60.1453
94.2857 	 8.0155 	 63.5000 	 -44.0095 	   63.7625 	 63.1586 	 58.4864 	 56.1329 	 59.3623 	 60.1805
94.7143 	 8.0220 	 63.5000 	 -43.9981 	   63.8006 	 63.1948 	 58.5198 	 56.1642 	 59.3965 	 60.2152
95.1429 	 8.0287 	 63.2500 	 -44.2326 	   63.8395 	 63.2306 	 58.5528 	 56.1955 	 59.4314 	 60.2500
95.5714 	 8.0351 	 63.2500 	 -44.2173 	   63.8776 	 63.2664 	 58.5858 	 56.2267 	 59.4657 	 60.2844
96.0000 	 8.0417 	 63.2500 	 -44.2029 	   63.9160 	 63.3020 	 58.6186 	 56.2579 	 59.5002 	 60.3189
96.4286 	 8.0484 	 63.2500 	 -44.1909 	   63.9541 	 63.3376 	 58.6514 	 56.2887 	 59.5343 	 60.3532
96.8571 	 8.0551 	 63.2500 	 -44.1785 	   63.9922 	 63.3731 	 58.6839 	 56.3194 	 59.5684 	 60.3874
97.2857 	 8.0620 	 63.2500 	 -44.1665 	   64.0301 	 63.4086 	 58.7164 	 56.3500 	 59.6023 	 60.4215
97.7143 	 8.0663 	 63.0000 	 -44.3773 	   64.0689 	 63.4450 	 58.7472 	 56.3845 	 59.6365 	 60.4564
98.1429 	 8.0702 	 63.0000 	 -44.1143 	   64.1067 	 63.4771 	 58.7782 	 56.4169 	 59.6736 	 60.4905
98.5714 	 8.0788 	 63.0000 	 -44.1255 	   64.1453 	 63.5147 	 58.8106 	 56.4471 	 59.7064 	 60.5248
99.0000 	 8.0844 	 63.0000 	 -44.1046 	   64.1830 	 63.5486 	 58.8421 	 56.4783 	 59.7412 	 60.5587
99.4286 	 8.0922 	 63.0000 	 -44.0982 	   64.2211 	 63.5845 	 58.8739 	 56.5083 	 59.7746 	 60.5925
99.8571 	 8.0986 	 63.0000 	 -44.0858 	   64.2585 	 63.6191 	 58.9056 	 56.5387 	 59.8083 	 60.6261
100.2857 	 8.1060 	 62.7500 	 -44.5232 	   64.2962 	 63.6542 	 58.9370 	 56.5685 	 59.8416 	 60.6595
100.7143 	 8.1265 	 63.2500 	 -43.8126 	   64.3207 	 63.6930 	 58.9696 	 56.5850 	 59.8649 	 60.6867
101.1429 	 8.1347 	 63.0000 	 -44.1047 	   64.3601 	 63.7283 	 59.0005 	 56.6121 	 59.8943 	 60.7191
101.5714 	 8.1450 	 63.0000 	 -44.0777 	   64.3939 	 63.7633 	 59.0294 	 56.6380 	 59.9232 	 60.7496
102.0000 	 8.1529 	 63.0000 	 -44.0785 	   64.4299 	 63.7978 	 59.0608 	 56.6653 	 59.9537 	 60.7815
102.4286 	 8.1622 	 63.0000 	 -44.2614 	   64.4658 	 63.8320 	 59.0906 	 56.6922 	 59.9844 	 60.8130
102.8571 	 8.1697 	 63.0000 	 -44.0577 	   64.5012 	 63.8659 	 59.1212 	 56.7197 	 60.0149 	 60.8446
103.2857 	 8.1782 	 63.0000 	 -44.2447 	   64.5372 	 63.8998 	 59.1512 	 56.7471 	 60.0459 	 60.8762
103.7143 	 8.1874 	 63.0000 	 -44.2366 	   64.5728 	 63.9339 	 59.1809 	 56.7738 	 60.0769 	 60.9077
104.1429 	 8.1973 	 63.0000 	 -44.2270 	   64.6086 	 63.9668 	 59.2082 	 56.7993 	 60.1079 	 60.9382
104.5714 	 8.2058 	 62.7500 	 -44.2453 	   64.6451 	 64.0075 	 59.2378 	 56.8261 	 60.1370 	 60.9707
105.0000 	 8.2157 	 63.0000 	 -44.0031 	   64.6799 	 64.0426 	 59.2692 	 56.8524 	 60.1669 	 61.0022
105.4286 	 8.2245 	 62.7500 	 -44.2407 	   64.7166 	 64.0773 	 59.2986 	 56.8790 	 60.1981 	 61.0339
105.8571 	 8.2301 	 62.7500 	 -44.2413 	   64.7497 	 64.1143 	 59.3280 	 56.9066 	 60.2265 	 61.0650
106.2857 	 8.2396 	 62.7500 	 -44.2293 	   64.7861 	 64.1480 	 59.3580 	 56.9332 	 60.2577 	 61.0966
106.7143 	 8.2466 	 62.7500 	 -44.2208 	   64.8199 	 64.1821 	 59.3880 	 56.9600 	 60.2869 	 61.1274
107.1429 	 8.2551 	 62.7500 	 -44.4120 	   64.8554 	 64.2157 	 59.4176 	 56.9867 	 60.3176 	 61.1586
107.5714 	 8.2625 	 62.7500 	 -44.4084 	   64.8893 	 64.2488 	 59.4477 	 57.0131 	 60.3472 	 61.1892
108.0000 	 8.2715 	 62.7500 	 -44.4181 	   64.9243 	 64.2833 	 59.4786 	 57.0393 	 60.3765 	 61.2204
108.4286 	 8.2785 	 62.7500 	 -44.4039 	   64.9584 	 64.3158 	 59.5081 	 57.0660 	 60.4065 	 61.2510
108.8571 	 8.2867 	 62.7500 	 -44.1942 	   64.9930 	 64.3490 	 59.5377 	 57.0923 	 60.4360 	 61.2816
109.2857 	 8.2937 	 62.5000 	 -44.4349 	   65.0279 	 64.3818 	 59.5661 	 57.1190 	 60.4658 	 61.3121
109.7143 	 8.3010 	 62.5000 	 -44.4266 	   65.0614 	 64.4143 	 59.5954 	 57.1454 	 60.4953 	 61.3424
110.1429 	 8.3078 	 62.5000 	 -44.4185 	   65.0953 	 64.4461 	 59.6244 	 57.1717 	 60.5247 	 61.3724
110.5714 	 8.3149 	 62.5000 	 -44.4099 	   65.1287 	 64.4781 	 59.6532 	 57.1979 	 60.5540 	 61.4024
111.0000 	 8.3217 	 62.5000 	 -44.4008 	   65.1622 	 64.5094 	 59.6820 	 57.2240 	 60.5832 	 61.4321
111.4286 	 8.3287 	 62.5000 	 -44.3851 	   65.1955 	 64.5414 	 59.7102 	 57.2501 	 60.6122 	 61.4619
111.8571 	 8.3351 	 62.5000 	 -44.3605 	   65.2288 	 64.5718 	 59.7378 	 57.2763 	 60.6421 	 61.4914
112.2857 	 8.3425 	 62.5000 	 -44.3588 	   65.2618 	 64.6035 	 59.7661 	 57.3018 	 60.6705 	 61.5208
112.7143 	 8.3491 	 62.2500 	 -44.5970 	   65.2948 	 64.6342 	 59.7940 	 57.3277 	 60.6997 	 61.5501
113.1429 	 8.3562 	 62.2500 	 -44.5899 	   65.3276 	 64.6654 	 59.8219 	 57.3531 	 60.7282 	 61.5792
113.5714 	 8.3630 	 62.2500 	 -44.5804 	   65.3603 	 64.6961 	 59.8496 	 57.3786 	 60.7569 	 61.6083
114.0000 	 8.3700 	 62.2500 	 -44.5719 	   65.3929 	 64.7268 	 59.8772 	 57.4039 	 60.7853 	 61.6372
114.4286 	 8.3768 	 62.2500 	 -44.7692 	   65.4253 	 64.7572 	 59.9047 	 57.4291 	 60.8136 	 61.6660
114.8571 	 8.3842 	 62.2500 	 -44.5442 	   65.4580 	 64.7873 	 59.9317 	 57.4538 	 60.8429 	 61.6948
115.2857 	 8.3898 	 62.2500 	 -44.7342 	   65.4895 	 64.8167 	 59.9592 	 57.4793 	 60.8712 	 61.7232
115.7143 	 8.3974 	 62.2500 	 -44.5210 	   65.5221 	 64.8470 	 59.9860 	 57.5039 	 60.8994 	 61.7517
116.1429 	 8.4034 	 62.0000 	 -44.9686 	   65.5535 	 64.8765 	 60.0131 	 57.5288 	 60.9272 	 61.7798
116.5714 	 8.4095 	 62.0000 	 -44.7517 	   65.5854 	 64.9072 	 60.0392 	 57.5535 	 60.9533 	 61.8077
117.0000 	 8.4165 	 62.0000 	 -44.7437 	   65.6167 	 64.9367 	 60.0661 	 57.5777 	 60.9808 	 61.8356
117.4286 	 8.4232 	 62.0000 	 -44.7336 	   65.6484 	 64.9663 	 60.0926 	 57.6021 	 61.0082 	 61.8635
117.8571 	 8.4299 	 62.0000 	 -44.7242 	   65.6796 	 64.9957 	 60.1191 	 57.6264 	 61.0355 	 61.8912
118.2857 	 8.4366 	 62.0000 	 -44.7143 	   65.7110 	 65.0250 	 60.1454 	 57.6505 	 61.0628 	 61.9189
118.7143 	 8.4432 	 62.0000 	 -44.7045 	   65.7420 	 65.0542 	 60.1716 	 57.6746 	 61.0899 	 61.9465
119.1429 	 8.4499 	 62.0000 	 -44.6946 	   65.7731 	 65.0832 	 60.1977 	 57.6986 	 61.1171 	 61.9739
119.5714 	 8.4565 	 61.7500 	 -44.9348 	   65.8040 	 65.1121 	 60.2237 	 57.7225 	 61.1440 	 62.0013
120.0000 	 8.4631 	 61.7500 	 -44.9248 	   65.8347 	 65.1409 	 60.2495 	 57.7463 	 61.1709 	 62.0285
120.4286 	 8.4696 	 61.7500 	 -45.1255 	   65.8653 	 65.1695 	 60.2753 	 57.7699 	 61.1977 	 62.0555
120.8571 	 8.4761 	 61.7500 	 -45.1157 	   65.8957 	 65.1980 	 60.3009 	 57.7935 	 61.2244 	 62.0825
121.2857 	 8.4825 	 61.7500 	 -45.1058 	   65.9260 	 65.2264 	 60.3264 	 57.8170 	 61.2510 	 62.1094
121.7143 	 8.4889 	 61.7500 	 -45.0959 	   65.9562 	 65.2547 	 60.3518 	 57.8404 	 61.2774 	 62.1361
122.1429 	 8.4953 	 61.7500 	 -45.0862 	   65.9862 	 65.2828 	 60.3771 	 57.8637 	 61.3037 	 62.1627
122.5714 	 8.5017 	 61.7500 	 -45.0764 	   66.0161 	 65.3108 	 60.4022 	 57.8869 	 61.3299 	 62.1892
123.0000 	 8.5080 	 61.7500 	 -45.0667 	   66.0459 	 65.3386 	 60.4273 	 57.9100 	 61.3560 	 62.2156
123.4286 	 8.5143 	 61.7500 	 -45.0565 	   66.0756 	 65.3664 	 60.4522 	 57.9330 	 61.3820 	 62.2418
123.8571 	 8.5206 	 61.5000 	 -45.2965 	   66.1051 	 65.3940 	 60.4770 	 57.9559 	 61.4079 	 62.2680
124.2857 	 8.5268 	 61.5000 	 -45.2864 	   66.1345 	 65.4214 	 60.5017 	 57.9787 	 61.4337 	 62.2940
124.7143 	 8.5337 	 61.5000 	 -45.2696 	   66.1638 	 65.4495 	 60.5259 	 58.0010 	 61.4593 	 62.3199
125.1429 	 8.5392 	 61.5000 	 -45.2373 	   66.1930 	 65.4749 	 60.5484 	 58.0240 	 61.4861 	 62.3453
125.5714 	 8.5458 	 61.5000 	 -45.2342 	   66.2218 	 65.5027 	 60.5727 	 58.0461 	 61.5111 	 62.3709
126.0000 	 8.5518 	 61.5000 	 -45.2206 	   66.2508 	 65.5290 	 60.5964 	 58.0686 	 61.5369 	 62.3963
126.4286 	 8.5570 	 61.5000 	 -45.2122 	   66.2794 	 65.5560 	 60.6202 	 58.0917 	 61.5620 	 62.4219
126.8571 	 8.5629 	 61.5000 	 -45.2024 	   66.3080 	 65.5825 	 60.6441 	 58.1140 	 61.5872 	 62.4472
127.2857 	 8.5707 	 61.5000 	 -45.2126 	   66.3362 	 65.6089 	 60.6678 	 58.1344 	 61.6126 	 62.4720
127.7143 	 8.5685 	 61.2500 	 -45.5502 	   66.3593 	 65.6309 	 60.6983 	 58.1590 	 61.6328 	 62.4961
128.1429 	 8.5978 	 61.5000 	 -45.2938 	   66.3925 	 65.6653 	 60.7187 	 58.1651 	 61.6591 	 62.5202
128.5714 	 8.5879 	 61.2500 	 -45.3886 	   66.4308 	 65.6904 	 60.7404 	 58.2080 	 61.6973 	 62.5534
129.0000 	 8.5716 	 61.0000 	 -45.5504 	   66.4577 	 65.7088 	 60.7643 	 58.2397 	 61.7201 	 62.5781
129.4286 	 8.5954 	 61.5000 	 -45.2843 	   66.4742 	 65.7384 	 60.7914 	 58.2501 	 61.7376 	 62.5983
129.8571 	 8.5778 	 60.5000 	 -45.9988 	   66.5201 	 65.7571 	 60.8088 	 58.2889 	 61.7765 	 62.6303
130.2857 	 8.5991 	 61.5000 	 -45.3023 	   66.5221 	 65.7883 	 60.8402 	 58.2954 	 61.7831 	 62.6458
130.7143 	 8.6034 	 61.0000 	 -45.5565 	   66.5616 	 65.8109 	 60.8600 	 58.3183 	 61.8107 	 62.6723
131.1429 	 8.5939 	 60.5000 	 -46.1657 	   66.5970 	 65.8321 	 60.8785 	 58.3521 	 61.8472 	 62.7014
131.5714 	 8.6112 	 61.2500 	 -45.5278 	   66.6033 	 65.8630 	 60.9100 	 58.3613 	 61.8548 	 62.7185
132.0000 	 8.6110 	 60.7500 	 -45.9967 	   66.6405 	 65.8848 	 60.9279 	 58.3884 	 61.8832 	 62.7450
132.4286 	 8.6195 	 61.0000 	 -45.5204 	   66.6588 	 65.9102 	 60.9538 	 58.4034 	 61.9027 	 62.7658
132.8571 	 8.6213 	 61.0000 	 -45.5343 	   66.6894 	 65.9366 	 60.9767 	 58.4301 	 61.9258 	 62.7917
133.2857 	 8.6291 	 61.0000 	 -45.4942 	   66.7129 	 65.9589 	 60.9990 	 58.4458 	 61.9501 	 62.8133
133.7143 	 8.6315 	 61.0000 	 -45.5181 	   66.7403 	 65.9867 	 61.0226 	 58.4715 	 61.9706 	 62.8383
134.1429 	 8.6391 	 61.0000 	 -45.4730 	   66.7656 	 66.0080 	 61.0440 	 58.4876 	 61.9966 	 62.8604
134.5714 	 8.6322 	 60.5000 	 -46.0154 	   66.8064 	 66.0308 	 61.0668 	 58.5220 	 62.0268 	 62.8905
135.0000 	 8.6351 	 60.7500 	 -45.6877 	   66.8289 	 66.0527 	 61.0873 	 58.5442 	 62.0549 	 62.9136
135.4286 	 8.6356 	 60.5000 	 -45.9582 	   66.8579 	 66.0782 	 61.1140 	 58.5696 	 62.0784 	 62.9396
135.8571 	 8.6398 	 60.5000 	 -45.9319 	   66.8845 	 66.1019 	 61.1359 	 58.5919 	 62.1042 	 62.9637
136.2857 	 8.6429 	 60.5000 	 -45.9293 	   66.9109 	 66.1265 	 61.1595 	 58.6143 	 62.1276 	 62.9877
136.7143 	 8.6472 	 60.5000 	 -45.9153 	   66.9376 	 66.1505 	 61.1819 	 58.6361 	 62.1520 	 63.0116
137.1429 	 8.6511 	 60.5000 	 -45.9076 	   66.9635 	 66.1748 	 61.2046 	 58.6576 	 62.1752 	 63.0352
137.5714 	 8.6556 	 60.5000 	 -45.8966 	   66.9897 	 66.1989 	 61.2268 	 58.6789 	 62.1989 	 63.0587
138.0000 	 8.6598 	 60.2500 	 -46.1371 	   67.0153 	 66.2229 	 61.2491 	 58.6999 	 62.2220 	 63.0818
138.4286 	 8.6644 	 60.2500 	 -46.1272 	   67.0411 	 66.2469 	 61.2712 	 58.7208 	 62.2451 	 63.1050
138.8571 	 8.6683 	 60.2500 	 -46.1311 	   67.0656 	 66.2705 	 61.2934 	 58.7414 	 62.2670 	 63.1276
139.2857 	 8.6731 	 60.2500 	 -46.1148 	   67.0914 	 66.2939 	 61.3149 	 58.7619 	 62.2902 	 63.1505
139.7143 	 8.6774 	 60.2500 	 -46.1079 	   67.1160 	 66.3176 	 61.3368 	 58.7821 	 62.3121 	 63.1729
140.1429 	 8.6823 	 60.2500 	 -46.0970 	   67.1414 	 66.3410 	 61.3581 	 58.8022 	 62.3348 	 63.1955
140.5714 	 8.6869 	 60.2500 	 -46.0880 	   67.1661 	 66.3644 	 61.3796 	 58.8221 	 62.3568 	 63.2178
141.0000 	 8.6933 	 60.2500 	 -46.0783 	   67.1914 	 66.3881 	 61.4001 	 58.8412 	 62.3794 	 63.2400
141.4286 	 8.7000 	 60.2500 	 -46.0692 	   67.2159 	 66.4107 	 61.4185 	 58.8588 	 62.4012 	 63.2610
141.8571 	 8.7039 	 60.2500 	 -46.2735 	   67.2396 	 66.4297 	 61.4389 	 58.8780 	 62.4229 	 63.2818
142.2857 	 8.7093 	 60.2500 	 -46.0548 	   67.2638 	 66.4529 	 61.4587 	 58.8965 	 62.4445 	 63.3033
142.7143 	 8.7143 	 60.2500 	 -46.2557 	   67.2877 	 66.4747 	 61.4788 	 58.9152 	 62.4658 	 63.3244
143.1429 	 8.7195 	 60.2500 	 -46.0374 	   67.3117 	 66.4972 	 61.4987 	 58.9337 	 62.4872 	 63.3457
143.5714 	 8.7246 	 60.2500 	 -46.2379 	   67.3356 	 66.5194 	 61.5187 	 58.9523 	 62.5084 	 63.3669
144.0000 	 8.7297 	 60.0000 	 -46.2700 	   67.3594 	 66.5417 	 61.5386 	 58.9708 	 62.5296 	 63.3880
144.4286 	 8.7348 	 60.0000 	 -46.4704 	   67.3831 	 66.5639 	 61.5585 	 58.9893 	 62.5506 	 63.4091
144.8571 	 8.7398 	 60.0000 	 -46.4617 	   67.4068 	 66.5860 	 61.5783 	 59.0076 	 62.5716 	 63.4301
145.2857 	 8.7448 	 60.0000 	 -46.4532 	   67.4303 	 66.6081 	 61.5980 	 59.0260 	 62.5925 	 63.4510
145.7143 	 8.7499 	 60.0000 	 -46.4448 	   67.4538 	 66.6301 	 61.6178 	 59.0443 	 62.6133 	 63.4718
146.1429 	 8.7548 	 60.0000 	 -46.4361 	   67.4772 	 66.6520 	 61.6374 	 59.0625 	 62.6340 	 63.4926
146.5714 	 8.7598 	 60.0000 	 -46.4276 	   67.5005 	 66.6739 	 61.6570 	 59.0806 	 62.6547 	 63.5133
147.0000 	 8.7646 	 60.0000 	 -46.4190 	   67.5237 	 66.6957 	 61.6766 	 59.0988 	 62.6752 	 63.5340
147.4286 	 8.7695 	 60.0000 	 -46.4106 	   67.5468 	 66.7174 	 61.6960 	 59.1168 	 62.6957 	 63.5545
147.8571 	 8.7744 	 60.0000 	 -46.4020 	   67.5698 	 66.7390 	 61.7155 	 59.1348 	 62.7160 	 63.5750
148.2857 	 8.7791 	 60.0000 	 -46.3936 	   67.5927 	 66.7605 	 61.7348 	 59.1527 	 62.7363 	 63.5954
148.7143 	 8.7833 	 60.0000 	 -46.3982 	   67.6147 	 66.7818 	 61.7545 	 59.1706 	 62.7557 	 63.6154
149.1429 	 8.7914 	 59.7500 	 -46.4369 	   67.6373 	 66.8010 	 61.7746 	 59.1831 	 62.7762 	 63.6344
149.5714 	 8.7932 	 59.7500 	 -46.4312 	   67.6596 	 66.8233 	 61.7924 	 59.2043 	 62.7941 	 63.6547
150.0000 	 8.7999 	 60.0000 	 -46.1618 	   67.6807 	 66.8424 	 61.8127 	 59.2178 	 62.8159 	 63.6739
150.4286 	 8.8043 	 59.7500 	 -46.4126 	   67.7047 	 66.8659 	 61.8300 	 59.2379 	 62.8331 	 63.6943
150.8571 	 8.8081 	 59.7500 	 -46.5761 	   67.7245 	 66.8825 	 61.8486 	 59.2529 	 62.8563 	 63.7130
151.2857 	 8.8146 	 59.7500 	 -46.6157 	   67.7491 	 66.9082 	 61.8676 	 59.2718 	 62.8717 	 63.7337
151.7143 	 8.8170 	 59.7500 	 -46.3532 	   67.7685 	 66.9235 	 61.8856 	 59.2874 	 62.8957 	 63.7521
152.1429 	 8.8249 	 59.7500 	 -46.6006 	   67.7933 	 66.9508 	 61.9063 	 59.3057 	 62.9103 	 63.7733
152.5714 	 8.8263 	 59.7500 	 -46.3378 	   67.8124 	 66.9651 	 61.9229 	 59.3217 	 62.9347 	 63.7914
153.0000 	 8.8345 	 59.7500 	 -46.5848 	   67.8371 	 66.9924 	 61.9437 	 59.3398 	 62.9490 	 63.8124
153.4286 	 8.8355 	 59.7500 	 -46.3222 	   67.8559 	 67.0065 	 61.9601 	 59.3558 	 62.9732 	 63.8303
153.8571 	 8.8438 	 59.7500 	 -46.5690 	   67.8806 	 67.0336 	 61.9807 	 59.3738 	 62.9875 	 63.8512
154.2857 	 8.8446 	 59.7500 	 -46.3068 	   67.8992 	 67.0475 	 61.9970 	 59.3897 	 63.0115 	 63.8690
154.7143 	 8.8529 	 59.7500 	 -46.5534 	   67.9238 	 67.0744 	 62.0174 	 59.4076 	 63.0256 	 63.8898
155.1429 	 8.8536 	 59.7500 	 -46.2915 	   67.9421 	 67.0882 	 62.0337 	 59.4234 	 63.0494 	 63.9074
155.5714 	 8.8613 	 59.7500 	 -46.5385 	   67.9665 	 67.1153 	 62.0536 	 59.4410 	 63.0614 	 63.9276
156.0000 	 8.8628 	 59.7500 	 -46.2795 	   67.9845 	 67.1291 	 62.0700 	 59.4561 	 63.0848 	 63.9449
156.4286 	 8.8753 	 59.7500 	 -46.5492 	   68.0088 	 67.1550 	 62.0913 	 59.4688 	 63.0980 	 63.9644
156.8571 	 8.8861 	 59.7500 	 -46.4984 	   68.0295 	 67.1771 	 62.1082 	 59.4802 	 63.1093 	 63.9809
157.2857 	 8.8798 	 59.5000 	 -46.7206 	   68.0488 	 67.1900 	 62.1235 	 59.5028 	 63.1390 	 64.0008
157.7143 	 8.9006 	 59.7500 	 -46.2986 	   68.0724 	 67.2194 	 62.1443 	 59.5097 	 63.1417 	 64.0175
158.1429 	 8.8999 	 59.5000 	 -46.6653 	   68.0931 	 67.2313 	 62.1579 	 59.5284 	 63.1683 	 64.0358
158.5714 	 8.9096 	 59.7500 	 -46.4487 	   68.1139 	 67.2549 	 62.1763 	 59.5414 	 63.1804 	 64.0534
159.0000 	 8.9125 	 59.5000 	 -46.4675 	   68.1349 	 67.2721 	 62.1926 	 59.5582 	 63.2012 	 64.0718
159.4286 	 8.9191 	 59.5000 	 -46.4674 	   68.1553 	 67.2926 	 62.2099 	 59.5728 	 63.2171 	 64.0895
159.8571 	 8.9232 	 59.5000 	 -46.4570 	   68.1760 	 67.3113 	 62.2268 	 59.5888 	 63.2357 	 64.1077
160.2857 	 8.9286 	 59.5000 	 -46.4511 	   68.1963 	 67.3308 	 62.2438 	 59.6040 	 63.2528 	 64.1256
160.7143 	 8.9330 	 59.5000 	 -46.4432 	   68.2167 	 67.3498 	 62.2608 	 59.6197 	 63.2708 	 64.1436
161.1429 	 8.9379 	 59.5000 	 -46.4362 	   68.2370 	 67.3690 	 62.2777 	 59.6352 	 63.2883 	 64.1614
161.5714 	 8.9471 	 59.5000 	 -46.4529 	   68.2572 	 67.3875 	 62.2960 	 59.6456 	 63.3055 	 64.1783
162.0000 	 8.9488 	 59.5000 	 -46.4766 	   68.2767 	 67.4121 	 62.3140 	 59.6642 	 63.3192 	 64.1972
162.4286 	 8.9556 	 59.5000 	 -46.6186 	   68.2973 	 67.4207 	 62.3297 	 59.6765 	 63.3421 	 64.2133
162.8571 	 8.9581 	 59.5000 	 -46.6849 	   68.3156 	 67.4516 	 62.3486 	 59.6940 	 63.3521 	 64.2324
163.2857 	 8.9644 	 59.5000 	 -46.6005 	   68.3371 	 67.4572 	 62.3635 	 59.7071 	 63.3772 	 64.2484
163.7143 	 8.9681 	 59.5000 	 -46.6621 	   68.3556 	 67.4914 	 62.3827 	 59.7238 	 63.3864 	 64.2680
164.1429 	 8.9732 	 59.5000 	 -46.5919 	   68.3763 	 67.4950 	 62.3979 	 59.7375 	 63.4113 	 64.2836
164.5714 	 8.9772 	 59.5000 	 -46.4331 	   68.3954 	 67.5292 	 62.4163 	 59.7541 	 63.4210 	 64.3032
165.0000 	 8.9818 	 59.5000 	 -46.5789 	   68.4152 	 67.5324 	 62.4317 	 59.7679 	 63.4453 	 64.3185
165.4286 	 8.9851 	 59.5000 	 -46.6380 	   68.4338 	 67.5609 	 62.4504 	 59.7844 	 63.4551 	 64.3369
165.8571 	 8.9896 	 59.5000 	 -46.5624 	   68.4538 	 67.5693 	 62.4643 	 59.7980 	 63.4793 	 64.3529
166.2857 	 8.9930 	 59.5000 	 -46.6241 	   68.4719 	 67.5962 	 62.4837 	 59.8145 	 63.4887 	 64.3710
166.7143 	 8.9977 	 59.5000 	 -46.3429 	   68.4924 	 67.6054 	 62.4970 	 59.8281 	 63.5131 	 64.3872
167.1429 	 9.0009 	 59.5000 	 -46.6097 	   68.5099 	 67.6319 	 62.5165 	 59.8444 	 63.5222 	 64.4050
167.5714 	 9.0058 	 59.5000 	 -46.3289 	   68.5306 	 67.6412 	 62.5295 	 59.8579 	 63.5467 	 64.4212
168.0000 	 9.0082 	 59.5000 	 -46.5953 	   68.5475 	 67.6657 	 62.5490 	 59.8744 	 63.5556 	 64.4384
168.4286 	 9.0136 	 59.2500 	 -46.5651 	   68.5684 	 67.6771 	 62.5618 	 59.8876 	 63.5800 	 64.4550
168.8571 	 9.0159 	 59.2500 	 -46.6186 	   68.5851 	 67.7000 	 62.5813 	 59.9040 	 63.5887 	 64.4718
169.2857 	 9.0214 	 59.2500 	 -46.5518 	   68.6060 	 67.7127 	 62.5939 	 59.9171 	 63.6131 	 64.4885
169.7143 	 9.0235 	 59.2500 	 -46.8043 	   68.6229 	 67.7348 	 62.6132 	 59.9336 	 63.6224 	 64.5054
170.1429 	 9.0291 	 59.2500 	 -46.5280 	   68.6433 	 67.7488 	 62.6278 	 59.9466 	 63.6461 	 64.5225
170.5714 	 9.0313 	 59.2500 	 -46.7945 	   68.6603 	 67.7705 	 62.6457 	 59.9631 	 63.6552 	 64.5389
171.0000 	 9.0372 	 59.2500 	 -46.5131 	   68.6808 	 67.7842 	 62.6600 	 59.9758 	 63.6791 	 64.5560
171.4286 	 9.0389 	 59.2500 	 -46.7812 	   68.6973 	 67.8059 	 62.6778 	 59.9923 	 63.6878 	 64.5722
171.8571 	 9.0451 	 59.2500 	 -46.5494 	   68.7181 	 67.8194 	 62.6918 	 60.0049 	 63.7117 	 64.5892
172.2857 	 9.0466 	 59.2500 	 -46.8176 	   68.7341 	 67.8409 	 62.7096 	 60.0213 	 63.7201 	 64.6052
172.7143 	 9.0529 	 59.2500 	 -46.5361 	   68.7550 	 67.8543 	 62.7235 	 60.0338 	 63.7441 	 64.6221
173.1429 	 9.0543 	 59.2500 	 -46.8039 	   68.7708 	 67.8756 	 62.7411 	 60.0501 	 63.7523 	 64.6380
173.5714 	 9.0606 	 59.2500 	 -46.5230 	   68.7915 	 67.8889 	 62.7548 	 60.0625 	 63.7762 	 64.6548
174.0000 	 9.0619 	 59.2500 	 -46.5762 	   68.8072 	 67.9101 	 62.7723 	 60.0787 	 63.7843 	 64.6705
174.4286 	 9.0683 	 59.2500 	 -46.5103 	   68.8278 	 67.9233 	 62.7860 	 60.0910 	 63.8080 	 64.6872
174.8571 	 9.0695 	 59.2500 	 -46.5625 	   68.8434 	 67.9443 	 62.8033 	 60.1071 	 63.8161 	 64.7028
175.2857 	 9.0759 	 59.2500 	 -46.4972 	   68.8639 	 67.9574 	 62.8169 	 60.1193 	 63.8396 	 64.7194
175.7143 	 9.0771 	 59.2500 	 -46.5490 	   68.8794 	 67.9783 	 62.8341 	 60.1353 	 63.8476 	 64.7349
176.1429 	 9.0835 	 59.2500 	 -46.4836 	   68.8997 	 67.9913 	 62.8475 	 60.1474 	 63.8710 	 64.7514
176.5714 	 9.0846 	 59.2500 	 -46.5361 	   68.9151 	 68.0120 	 62.8646 	 60.1633 	 63.8789 	 64.7668
177.0000 	 9.0910 	 59.2500 	 -46.6780 	   68.9353 	 68.0249 	 62.8779 	 60.1753 	 63.9021 	 64.7831
177.4286 	 9.0921 	 59.2500 	 -46.5229 	   68.9506 	 68.0454 	 62.8949 	 60.1912 	 63.9100 	 64.7984
177.8571 	 9.0981 	 59.2500 	 -46.6652 	   68.9704 	 68.0582 	 62.9082 	 60.2030 	 63.9330 	 64.8146
178.2857 	 9.1044 	 59.2500 	 -46.5332 	   68.9857 	 68.0781 	 62.9263 	 60.2136 	 63.9403 	 64.8288
178.7143 	 9.1069 	 59.2500 	 -46.7072 	   69.0046 	 68.0916 	 62.9398 	 60.2285 	 63.9599 	 64.8449
179.1429 	 9.1115 	 59.2500 	 -46.7155 	   69.0205 	 68.1093 	 62.9557 	 60.2406 	 63.9719 	 64.8596
179.5714 	 9.1147 	 59.0000 	 -46.9528 	   69.0386 	 68.1246 	 62.9701 	 60.2546 	 63.9886 	 64.8753
180.0000 	 9.1187 	 59.0000 	 -46.9492 	   69.0551 	 68.1412 	 62.9851 	 60.2675 	 64.0024 	 64.8903
180.4286 	 9.1222 	 59.0000 	 -46.9417 	   69.0726 	 68.1571 	 62.9997 	 60.2811 	 64.0179 	 64.9057
180.8571 	 9.1266 	 59.0000 	 -46.9367 	   69.0895 	 68.1745 	 63.0165 	 60.2939 	 64.0321 	 64.9213
181.2857 	 9.1305 	 59.0000 	 -46.9317 	   69.1069 	 68.1912 	 63.0316 	 60.3073 	 64.0472 	 64.9368
181.7143 	 9.1344 	 59.0000 	 -46.9259 	   69.1240 	 68.2077 	 63.0468 	 60.3205 	 64.0620 	 64.9522
182.1429 	 9.1382 	 59.0000 	 -46.9199 	   69.1411 	 68.2242 	 63.0617 	 60.3338 	 64.0768 	 64.9675
182.5714 	 9.1420 	 59.0000 	 -46.9140 	   69.1581 	 68.2405 	 63.0766 	 60.3470 	 64.0916 	 64.9828
183.0000 	 9.1457 	 59.0000 	 -46.9081 	   69.1751 	 68.2567 	 63.0914 	 60.3602 	 64.1063 	 64.9979
183.4286 	 9.1494 	 59.0000 	 -46.6888 	   69.1920 	 68.2729 	 63.1061 	 60.3734 	 64.1210 	 65.0131
183.8571 	 9.1531 	 59.0000 	 -46.6828 	   69.2089 	 68.2890 	 63.1207 	 60.3865 	 64.1356 	 65.0281
184.2857 	 9.1567 	 59.0000 	 -46.6768 	   69.2257 	 68.3050 	 63.1352 	 60.3996 	 64.1502 	 65.0432
184.7143 	 9.1604 	 59.0000 	 -46.6709 	   69.2425 	 68.3210 	 63.1496 	 60.4127 	 64.1648 	 65.0581
185.1429 	 9.1640 	 59.0000 	 -46.6651 	   69.2592 	 68.3368 	 63.1640 	 60.4257 	 64.1793 	 65.0730
185.5714 	 9.1676 	 59.0000 	 -46.6592 	   69.2759 	 68.3526 	 63.1784 	 60.4388 	 64.1938 	 65.0879
186.0000 	 9.1711 	 59.0000 	 -46.6534 	   69.2925 	 68.3684 	 63.1926 	 60.4517 	 64.2082 	 65.1027
186.4286 	 9.1747 	 59.0000 	 -46.6476 	   69.3090 	 68.3841 	 63.2069 	 60.4646 	 64.2226 	 65.1174
186.8571 	 9.1769 	 59.0000 	 -46.6417 	   69.3253 	 68.3994 	 63.2216 	 60.4782 	 64.2366 	 65.1322
187.2857 	 9.1783 	 59.0000 	 -46.6353 	   69.3416 	 68.4154 	 63.2383 	 60.4931 	 64.2509 	 65.1479
187.7143 	 9.1813 	 59.0000 	 -46.6293 	   69.3583 	 68.4311 	 63.2531 	 60.5066 	 64.2652 	 65.1629
188.1429 	 9.1840 	 59.0000 	 -46.6234 	   69.3746 	 68.4468 	 63.2681 	 60.5202 	 64.2795 	 65.1778
188.5714 	 9.1868 	 59.0000 	 -46.6171 	   69.3910 	 68.4623 	 63.2827 	 60.5336 	 64.2938 	 65.1927
189.0000 	 9.1898 	 59.0000 	 -46.6114 	   69.4073 	 68.4778 	 63.2973 	 60.5469 	 64.3080 	 65.2074
189.4286 	 9.1928 	 59.0000 	 -46.6055 	   69.4235 	 68.4933 	 63.3117 	 60.5600 	 64.3222 	 65.2221
189.8571 	 9.1958 	 59.0000 	 -46.5998 	   69.4397 	 68.5087 	 63.3260 	 60.5731 	 64.3363 	 65.2367
190.2857 	 9.1989 	 59.0000 	 -46.8095 	   69.4558 	 68.5240 	 63.3402 	 60.5861 	 64.3504 	 65.2513
190.7143 	 9.2021 	 59.0000 	 -46.8039 	   69.4719 	 68.5393 	 63.3543 	 60.5990 	 64.3644 	 65.2658
191.1429 	 9.2052 	 59.0000 	 -46.7983 	   69.4879 	 68.5545 	 63.3683 	 60.6118 	 64.3783 	 65.2802
191.5714 	 9.2084 	 59.0000 	 -46.7928 	   69.5039 	 68.5697 	 63.3822 	 60.6245 	 64.3922 	 65.2945
192.0000 	 9.2116 	 59.0000 	 -46.7877 	   69.5198 	 68.5848 	 63.3961 	 60.6371 	 64.4061 	 65.3088
192.4286 	 9.2148 	 59.0000 	 -46.7820 	   69.5357 	 68.5999 	 63.4099 	 60.6498 	 64.4199 	 65.3230
192.8571 	 9.2180 	 59.0000 	 -46.7763 	   69.5515 	 68.6148 	 63.4236 	 60.6623 	 64.4336 	 65.3372
193.2857 	 9.2213 	 59.0000 	 -46.7710 	   69.5672 	 68.6298 	 63.4373 	 60.6748 	 64.4473 	 65.3513
193.7143 	 9.2245 	 58.7500 	 -47.0157 	   69.5829 	 68.6447 	 63.4508 	 60.6872 	 64.4610 	 65.3653
194.1429 	 9.2278 	 58.7500 	 -47.0104 	   69.5986 	 68.6595 	 63.4644 	 60.6996 	 64.4746 	 65.3793
194.5714 	 9.2310 	 58.7500 	 -47.0052 	   69.6142 	 68.6743 	 63.4779 	 60.7119 	 64.4881 	 65.3933
195.0000 	 9.2343 	 58.7500 	 -47.0000 	   69.6298 	 68.6890 	 63.4913 	 60.7242 	 64.5016 	 65.4072
195.4286 	 9.2375 	 58.7500 	 -46.9948 	   69.6453 	 68.7037 	 63.5046 	 60.7364 	 64.5151 	 65.4210
195.8571 	 9.2408 	 58.7500 	 -46.9897 	   69.6608 	 68.7183 	 63.5180 	 60.7486 	 64.5285 	 65.4348
196.2857 	 9.2440 	 58.7500 	 -46.9846 	   69.6762 	 68.7329 	 63.5312 	 60.7607 	 64.5419 	 65.4486
196.7143 	 9.2473 	 58.7500 	 -46.7621 	   69.6916 	 68.7474 	 63.5444 	 60.7728 	 64.5552 	 65.4623
197.1429 	 9.2505 	 58.7500 	 -46.7572 	   69.7069 	 68.7619 	 63.5576 	 60.7848 	 64.5685 	 65.4759
197.5714 	 9.2538 	 58.7500 	 -46.7523 	   69.7221 	 68.7763 	 63.5707 	 60.7968 	 64.5817 	 65.4895
198.0000 	 9.2570 	 58.7500 	 -46.7475 	   69.7374 	 68.7907 	 63.5838 	 60.8087 	 64.5949 	 65.5031
198.4286 	 9.2602 	 58.7500 	 -46.7426 	   69.7525 	 68.8050 	 63.5968 	 60.8206 	 64.6080 	 65.5166
198.8571 	 9.2634 	 58.7500 	 -46.7377 	   69.7677 	 68.8193 	 63.6098 	 60.8324 	 64.6211 	 65.5301
199.2857 	 9.2667 	 58.7500 	 -46.7329 	   69.7827 	 68.8336 	 63.6227 	 60.8442 	 64.6341 	 65.5435
199.7143 	 9.2699 	 58.7500 	 -46.7281 	   69.7977 	 68.8478 	 63.6356 	 60.8560 	 64.6471 	 65.5568
200.1429 	 9.2731 	 58.7500 	 -46.7234 	   69.8127 	 68.8619 	 63.6484 	 60.8677 	 64.6601 	 65.5702
200.5714 	 9.2763 	 58.7500 	 -46.7187 	   69.8276 	 68.8760 	 63.6612 	 60.8794 	 64.6730 	 65.5834
201.0000 	 9.2794 	 58.7500 	 -46.7140 	   69.8425 	 68.8901 	 63.6739 	 60.8911 	 64.6858 	 65.5967
201.4286 	 9.2826 	 58.7500 	 -46.7093 	   69.8573 	 68.9041 	 63.6866 	 60.9027 	 64.6986 	 65.6099
201.8571 	 9.2858 	 58.7500 	 -46.7047 	   69.8721 	 68.9180 	 63.6993 	 60.9142 	 64.7114 	 65.6230
202.2857 	 9.2872 	 58.7500 	 -46.7078 	   69.8861 	 68.9319 	 63.7115 	 60.9264 	 64.7237 	 65.6359
202.7143 	 9.2906 	 58.7500 	 -46.6999 	   69.9009 	 68.9455 	 63.7239 	 60.9379 	 64.7365 	 65.6489
203.1429 	 9.2931 	 58.7500 	 -46.6963 	   69.9151 	 68.9593 	 63.7365 	 60.9494 	 64.7488 	 65.6618
203.5714 	 9.2963 	 58.7500 	 -46.6912 	   69.9298 	 68.9730 	 63.7489 	 60.9609 	 64.7615 	 65.6748
204.0000 	 9.2992 	 58.7500 	 -46.6868 	   69.9441 	 68.9867 	 63.7614 	 60.9723 	 64.7739 	 65.6877
204.4286 	 9.3023 	 58.7500 	 -46.6823 	   69.9586 	 69.0004 	 63.7738 	 60.9837 	 64.7864 	 65.7006
204.8571 	 9.3053 	 58.7500 	 -46.6780 	   69.9729 	 69.0140 	 63.7862 	 60.9950 	 64.7988 	 65.7134
205.2857 	 9.3084 	 58.7500 	 -46.6733 	   69.9874 	 69.0276 	 63.7985 	 61.0063 	 64.8113 	 65.7262
205.7143 	 9.3114 	 58.7500 	 -46.8886 	   70.0016 	 69.0412 	 63.8108 	 61.0176 	 64.8236 	 65.7390
206.1429 	 9.3145 	 58.7500 	 -46.8843 	   70.0160 	 69.0547 	 63.8231 	 61.0287 	 64.8359 	 65.7517
206.5714 	 9.3175 	 58.7500 	 -46.8798 	   70.0302 	 69.0682 	 63.8353 	 61.0399 	 64.8482 	 65.7644
207.0000 	 9.3205 	 58.7500 	 -46.8758 	   70.0445 	 69.0816 	 63.8475 	 61.0510 	 64.8605 	 65.7770
207.4286 	 9.3235 	 58.7500 	 -46.8759 	   70.0584 	 69.0951 	 63.8598 	 61.0622 	 64.8724 	 65.7896
207.8571 	 9.3268 	 58.7500 	 -46.8750 	   70.0727 	 69.1086 	 63.8719 	 61.0731 	 64.8846 	 65.8022
208.2857 	 9.3298 	 58.7500 	 -46.6473 	   70.0868 	 69.1219 	 63.8839 	 61.0841 	 64.8967 	 65.8147
208.7143 	 9.3327 	 58.5000 	 -46.8927 	   70.1008 	 69.1352 	 63.8961 	 61.0952 	 64.9088 	 65.8272
209.1429 	 9.3359 	 58.5000 	 -46.8884 	   70.1149 	 69.1485 	 63.9080 	 61.1061 	 64.9209 	 65.8397
209.5714 	 9.3388 	 58.5000 	 -46.8844 	   70.1288 	 69.1618 	 63.9201 	 61.1170 	 64.9329 	 65.8521
210.0000 	 9.3419 	 58.5000 	 -46.8802 	   70.1428 	 69.1750 	 63.9320 	 61.1279 	 64.9449 	 65.8645
210.4286 	 9.3448 	 58.5000 	 -46.8765 	   70.1567 	 69.1881 	 63.9439 	 61.1387 	 64.9568 	 65.8769
210.8571 	 9.3479 	 58.5000 	 -46.8725 	   70.1706 	 69.2013 	 63.9558 	 61.1495 	 64.9687 	 65.8892
211.2857 	 9.3509 	 58.5000 	 -46.8687 	   70.1844 	 69.2143 	 63.9676 	 61.1603 	 64.9806 	 65.9014
211.7143 	 9.3539 	 58.5000 	 -46.8649 	   70.1982 	 69.2274 	 63.9794 	 61.1710 	 64.9924 	 65.9137
212.1429 	 9.3569 	 58.5000 	 -46.8611 	   70.2119 	 69.2404 	 63.9911 	 61.1817 	 65.0042 	 65.9259
212.5714 	 9.3599 	 58.5000 	 -46.8574 	   70.2256 	 69.2534 	 64.0029 	 61.1924 	 65.0159 	 65.9380
213.0000 	 9.3627 	 58.5000 	 -46.8533 	   70.2391 	 69.2644 	 64.0145 	 61.2029 	 65.0277 	 65.9497
213.4286 	 9.3656 	 58.5000 	 -46.8494 	   70.2526 	 69.2792 	 64.0260 	 61.2135 	 65.0392 	 65.9621
213.8571 	 9.3688 	 58.5000 	 -46.8465 	   70.2663 	 69.2916 	 64.0377 	 61.2240 	 65.0509 	 65.9741
214.2857 	 9.3717 	 58.5000 	 -46.8425 	   70.2797 	 69.3046 	 64.0492 	 61.2345 	 65.0625 	 65.9861
214.7143 	 9.3747 	 58.5000 	 -46.8724 	   70.2932 	 69.3174 	 64.0608 	 61.2450 	 65.0740 	 65.9981
215.1429 	 9.3777 	 58.5000 	 -46.8688 	   70.3067 	 69.3301 	 64.0723 	 61.2554 	 65.0856 	 66.0100
215.5714 	 9.3804 	 58.5000 	 -46.8648 	   70.3200 	 69.3409 	 64.0837 	 61.2658 	 65.0971 	 66.0215
216.0000 	 9.3831 	 58.5000 	 -46.8607 	   70.3331 	 69.3537 	 64.0950 	 61.2762 	 65.1085 	 66.0333
216.4286 	 9.3860 	 58.5000 	 -46.8574 	   70.3464 	 69.3658 	 64.1063 	 61.2865 	 65.1199 	 66.0450
216.8571 	 9.3888 	 58.5000 	 -47.0773 	   70.3595 	 69.3782 	 64.1176 	 61.2968 	 65.1312 	 66.0567
217.2857 	 9.3917 	 58.5000 	 -47.0738 	   70.3727 	 69.3906 	 64.1288 	 61.3070 	 65.1425 	 66.0683
217.7143 	 9.3945 	 58.5000 	 -47.0704 	   70.3858 	 69.4029 	 64.1400 	 61.3173 	 65.1538 	 66.0800
218.1429 	 9.3974 	 58.5000 	 -47.0670 	   70.3989 	 69.4153 	 64.1512 	 61.3274 	 65.1650 	 66.0916
218.5714 	 9.4002 	 58.5000 	 -47.0636 	   70.4119 	 69.4276 	 64.1624 	 61.3376 	 65.1762 	 66.1031
219.0000 	 9.4031 	 58.5000 	 -47.0603 	   70.4249 	 69.4398 	 64.1735 	 61.3477 	 65.1874 	 66.1147
219.4286 	 9.4060 	 58.5000 	 -47.0570 	   70.4379 	 69.4521 	 64.1846 	 61.3578 	 65.1985 	 66.1262
219.8571 	 9.4088 	 58.5000 	 -47.0537 	   70.4509 	 69.4643 	 64.1956 	 61.3678 	 65.2096 	 66.1376
220.2857 	 9.4117 	 58.5000 	 -47.0504 	   70.4638 	 69.4765 	 64.2066 	 61.3778 	 65.2206 	 66.1491
220.7143 	 9.4146 	 58.5000 	 -47.0472 	   70.4767 	 69.4887 	 64.2176 	 61.3878 	 65.2316 	 66.1605
221.1429 	 9.4174 	 58.5000 	 -47.0439 	   70.4895 	 69.5008 	 64.2285 	 61.3977 	 65.2426 	 66.1718
221.5714 	 9.4203 	 58.5000 	 -47.0407 	   70.5023 	 69.5129 	 64.2395 	 61.4076 	 65.2535 	 66.1832
222.0000 	 9.4232 	 58.5000 	 -47.0375 	   70.5151 	 69.5250 	 64.2504 	 61.4175 	 65.2645 	 66.1945
222.4286 	 9.4260 	 58.5000 	 -47.0343 	   70.5278 	 69.5370 	 64.2612 	 61.4274 	 65.2753 	 66.2057
222.8571 	 9.4288 	 58.5000 	 -47.0311 	   70.5405 	 69.5490 	 64.2720 	 61.4372 	 65.2862 	 66.2170
223.2857 	 9.4317 	 58.5000 	 -47.0280 	   70.5532 	 69.5609 	 64.2828 	 61.4470 	 65.2970 	 66.2282
223.7143 	 9.4345 	 58.5000 	 -47.0249 	   70.5658 	 69.5728 	 64.2936 	 61.4568 	 65.3078 	 66.2393
224.1429 	 9.4373 	 58.5000 	 -47.0217 	   70.5784 	 69.5847 	 64.3043 	 61.4665 	 65.3185 	 66.2505
224.5714 	 9.4401 	 58.5000 	 -47.0187 	   70.5909 	 69.5966 	 64.3150 	 61.4762 	 65.3292 	 66.2616
225.0000 	 9.4428 	 58.5000 	 -47.0156 	   70.6034 	 69.6084 	 64.3257 	 61.4859 	 65.3399 	 66.2727
225.4286 	 9.4456 	 58.5000 	 -46.7872 	   70.6159 	 69.6202 	 64.3363 	 61.4955 	 65.3505 	 66.2837
225.8571 	 9.4484 	 58.2500 	 -47.0342 	   70.6283 	 69.6319 	 64.3469 	 61.5052 	 65.3611 	 66.2947
226.2857 	 9.4512 	 58.2500 	 -47.0312 	   70.6407 	 69.6436 	 64.3574 	 61.5147 	 65.3717 	 66.3056
226.7143 	 9.4539 	 58.2500 	 -47.0283 	   70.6531 	 69.6553 	 64.3680 	 61.5243 	 65.3822 	 66.3166
227.1429 	 9.4566 	 58.2500 	 -47.0258 	   70.6653 	 69.6672 	 64.3790 	 61.5338 	 65.3927 	 66.3276
227.5714 	 9.4601 	 58.5000 	 -47.0277 	   70.6774 	 69.6824 	 64.3908 	 61.5432 	 65.4011 	 66.3390
228.0000 	 9.4630 	 58.2500 	 -47.0132 	   70.6910 	 69.6903 	 64.3992 	 61.5528 	 65.4147 	 66.3496
228.4286 	 9.4653 	 58.2500 	 -47.0202 	   70.7019 	 69.7031 	 64.4106 	 61.5621 	 65.4233 	 66.3602
228.8571 	 9.4683 	 58.2500 	 -47.0161 	   70.7150 	 69.7143 	 64.4215 	 61.5717 	 65.4347 	 66.3714
229.2857 	 9.4714 	 58.2500 	 -47.2686 	   70.7262 	 69.7295 	 64.4334 	 61.5808 	 65.4423 	 66.3824
229.7143 	 9.4744 	 58.2500 	 -47.0040 	   70.7402 	 69.7372 	 64.4417 	 61.5905 	 65.4562 	 66.3931
230.1429 	 9.4764 	 58.2500 	 -47.0111 	   70.7505 	 69.7501 	 64.4534 	 61.5997 	 65.4644 	 66.4036
230.5714 	 9.4828 	 58.2500 	 -47.0118 	   70.7656 	 69.7641 	 64.4639 	 61.6085 	 65.4750 	 66.4154
231.0000 	 9.4812 	 58.2500 	 -46.9942 	   70.7750 	 69.7718 	 64.4733 	 61.6187 	 65.4861 	 66.4250
231.4286 	 9.4863 	 58.2500 	 -47.2310 	   70.7884 	 69.7848 	 64.4842 	 61.6276 	 65.4961 	 66.4362
231.8571 	 9.4903 	 58.2500 	 -47.0029 	   70.8009 	 69.7984 	 64.4950 	 61.6364 	 65.5051 	 66.4472
