time 	 AmpX 	 AmpY 	 PhaX 	 PhaY 	 Pha_PH
0.4286 	 8.0878 	 8.0607 	 109.4371 	 17.1258 	 109.1840
0.8571 	 8.0878 	 8.0607 	 109.4391 	 17.1278 	 109.1859
1.2857 	 8.5468 	 8.5228 	 109.8156 	 17.5170 	 109.6932
1.7143 	 8.9249 	 8.8664 	 109.3187 	 16.9193 	 109.2714
2.1429 	 9.1762 	 9.1292 	 109.2848 	 16.6736 	 109.0365
2.5714 	 9.4179 	 9.3724 	 109.2126 	 16.4521 	 108.9474
3.0000 	 9.7029 	 9.6241 	 109.0818 	 16.4651 	 108.8864
3.4286 	 9.8923 	 9.8236 	 109.0023 	 16.2385 	 108.9346
3.8571 	 10.0756 	 9.9888 	 108.8538 	 15.8554 	 108.6389
4.2857 	 10.2132 	 10.1315 	 108.9483 	 15.9163 	 108.7174
4.7143 	 10.3866 	 10.3008 	 109.1926 	 16.1086 	 109.1147
5.1429 	 10.5435 	 10.4416 	 109.1450 	 16.0305 	 109.0927
5.5714 	 10.6588 	 10.5829 	 109.2406 	 16.0040 	 108.9711
6.0000 	 10.7355 	 10.6807 	 109.3442 	 16.0719 	 109.0351
6.4286 	 10.8649 	 10.7987 	 109.4672 	 16.1721 	 109.1698
6.8571 	 10.9756 	 10.9149 	 109.5834 	 16.2047 	 109.4142
7.2857 	 11.1404 	 11.0700 	 109.5478 	 16.2355 	 109.2508
7.7143 	 11.2524 	 11.1651 	 109.3799 	 16.0796 	 109.1123
8.1429 	 11.3339 	 11.2691 	 109.6062 	 16.1302 	 109.4307
8.5714 	 11.4658 	 11.3918 	 109.7040 	 16.2208 	 109.3892
9.0000 	 11.5443 	 11.4872 	 109.8221 	 16.3093 	 109.4756
9.4286 	 11.6510 	 11.5897 	 109.7779 	 16.2239 	 109.5815
9.8571 	 11.7627 	 11.6860 	 110.0179 	 16.6027 	 109.8500
10.2857 	 11.8604 	 11.7782 	 110.0914 	 16.6941 	 109.7812
10.7143 	 11.9591 	 11.8674 	 110.0843 	 16.7619 	 109.9468
11.1429 	 12.0271 	 11.9407 	 110.0551 	 16.7132 	 109.7559
11.5714 	 12.1043 	 12.0128 	 110.1365 	 16.7500 	 109.8375
12.0000 	 12.2100 	 12.1022 	 110.2206 	 16.8902 	 110.0997
12.4286 	 12.2475 	 12.1481 	 110.3959 	 17.1353 	 110.1118
12.8571 	 12.3331 	 12.2216 	 110.2956 	 16.9880 	 110.1787
13.2857 	 12.3834 	 12.2786 	 110.3916 	 17.1166 	 110.2644
13.7143 	 12.4679 	 12.3554 	 110.3759 	 17.0936 	 110.2589
14.1429 	 12.5326 	 12.4227 	 110.4135 	 17.1444 	 110.2922
14.5714 	 12.6120 	 12.4944 	 110.4204 	 17.1459 	 110.1546
15.0000 	 12.6834 	 12.5628 	 110.4436 	 17.1815 	 110.1820
15.4286 	 12.7645 	 12.6393 	 110.4196 	 17.1863 	 110.1670
15.8571 	 12.8341 	 12.7084 	 110.4360 	 17.2204 	 110.1845
16.2857 	 12.9162 	 12.7852 	 110.4153 	 17.2349 	 110.3309
16.7143 	 12.9857 	 12.8540 	 110.4273 	 17.2765 	 110.3456
17.1429 	 13.0686 	 12.9298 	 110.3580 	 17.2699 	 110.2935
17.5714 	 13.1304 	 12.9929 	 110.3600 	 17.3024 	 110.2957
18.0000 	 13.1987 	 13.0579 	 110.3385 	 17.2909 	 110.1204
18.4286 	 13.2629 	 13.1205 	 110.3674 	 17.3663 	 110.1545
18.8571 	 13.3247 	 13.1777 	 110.3217 	 17.3105 	 110.1145
19.2857 	 13.3918 	 13.2444 	 110.4003 	 17.4591 	 110.1976
19.7143 	 13.4490 	 13.3006 	 110.3299 	 17.3167 	 110.1222
20.1429 	 13.5321 	 13.3718 	 110.4327 	 17.5176 	 110.4095
20.5714 	 13.5798 	 13.4265 	 110.3658 	 17.4016 	 110.1671
21.0000 	 13.6543 	 13.4924 	 110.4069 	 17.5114 	 110.3865
21.4286 	 13.7045 	 13.5467 	 110.3731 	 17.4672 	 110.3459
21.8571 	 13.7764 	 13.6130 	 110.4005 	 17.5439 	 110.3843
22.2857 	 13.8263 	 13.6687 	 110.3725 	 17.5142 	 110.3481
22.7143 	 13.8926 	 13.7306 	 110.3747 	 17.5610 	 110.3598
23.1429 	 13.9443 	 13.7859 	 110.3529 	 17.5494 	 110.3338
23.5714 	 14.0052 	 13.8428 	 110.3440 	 17.5735 	 110.3331
24.0000 	 14.0553 	 13.8955 	 110.3254 	 17.5659 	 110.3118
24.4286 	 14.1112 	 13.9492 	 110.3173 	 17.5830 	 110.1441
24.8571 	 14.1616 	 13.9970 	 110.3110 	 17.5852 	 110.1416
25.2857 	 14.2177 	 14.0466 	 110.3477 	 17.6655 	 110.1898
25.7143 	 14.2728 	 14.1014 	 110.3198 	 17.6506 	 110.1633
26.1429 	 14.3245 	 14.1486 	 110.3144 	 17.6559 	 110.3308
26.5714 	 14.3756 	 14.2006 	 110.3492 	 17.7125 	 110.3652
27.0000 	 14.4325 	 14.2505 	 110.2629 	 17.6282 	 110.2890
27.4286 	 14.4760 	 14.2933 	 110.3118 	 17.7103 	 110.3406
27.8571 	 14.5315 	 14.3452 	 110.3132 	 17.7097 	 110.1765
28.2857 	 14.5820 	 14.3964 	 110.2847 	 17.7039 	 110.1492
28.7143 	 14.6366 	 14.4514 	 110.2094 	 17.6860 	 110.0797
29.1429 	 14.6737 	 14.4974 	 110.1993 	 17.6980 	 110.2294
29.5714 	 14.7276 	 14.5487 	 110.1609 	 17.6716 	 110.0259
30.0000 	 14.7718 	 14.5980 	 110.1524 	 17.6932 	 110.1831
30.4286 	 14.8210 	 14.6472 	 110.1238 	 17.6773 	 110.1555
30.8571 	 14.8655 	 14.6934 	 110.1059 	 17.6772 	 110.1369
31.2857 	 14.9125 	 14.7404 	 110.0796 	 17.6660 	 110.1120
31.7143 	 14.9570 	 14.7861 	 110.0564 	 17.6611 	 110.0892
32.1429 	 15.0025 	 14.8316 	 110.0291 	 17.6498 	 109.8934
32.5714 	 15.0463 	 14.8759 	 110.0058 	 17.6425 	 109.8709
33.0000 	 15.0906 	 14.9197 	 109.9828 	 17.6328 	 109.8497
33.4286 	 15.1349 	 14.9630 	 109.9655 	 17.6308 	 109.8348
33.8571 	 15.1779 	 15.0046 	 109.9488 	 17.6205 	 109.8200
34.2857 	 15.2214 	 15.0462 	 109.9397 	 17.6225 	 109.8140
34.7143 	 15.2645 	 15.0860 	 109.9163 	 17.6210 	 109.9687
35.1429 	 15.3085 	 15.1279 	 109.8955 	 17.6105 	 109.9512
35.5714 	 15.3491 	 15.1680 	 109.8808 	 17.6089 	 109.9381
36.0000 	 15.3931 	 15.2098 	 109.8575 	 17.5957 	 109.9183
36.4286 	 15.4342 	 15.2510 	 109.8410 	 17.5926 	 109.9027
36.8571 	 15.4553 	 15.2739 	 109.9051 	 17.5970 	 109.9573
37.2857 	 15.5145 	 15.3029 	 109.9595 	 17.6096 	 110.0439
37.7143 	 15.5792 	 15.3640 	 109.9246 	 17.6031 	 110.0158
38.1429 	 15.6172 	 15.4140 	 109.9724 	 17.7506 	 110.0583
38.5714 	 15.6398 	 15.4312 	 109.8364 	 17.4854 	 109.9171
39.0000 	 15.7014 	 15.4793 	 109.9422 	 17.7299 	 109.8718
39.4286 	 15.7206 	 15.5251 	 109.8616 	 17.6426 	 109.7619
39.8571 	 15.7652 	 15.5514 	 109.7859 	 17.5022 	 109.8783
40.2857 	 15.8121 	 15.5888 	 109.8600 	 17.6709 	 109.9737
40.7143 	 15.8439 	 15.6251 	 109.7827 	 17.5679 	 109.7078
41.1429 	 15.8850 	 15.6642 	 109.7891 	 17.6106 	 109.9007
41.5714 	 15.9229 	 15.7010 	 109.7368 	 17.5551 	 109.8493
42.0000 	 15.9648 	 15.7488 	 109.6771 	 17.5362 	 109.7871
42.4286 	 15.9896 	 15.7731 	 109.7098 	 17.5653 	 109.8190
42.8571 	 16.0451 	 15.8271 	 109.6176 	 17.5004 	 109.7316
43.2857 	 16.0606 	 15.8477 	 109.6714 	 17.5623 	 109.5981
43.7143 	 16.1218 	 15.9040 	 109.5620 	 17.4718 	 109.6782
44.1429 	 16.1320 	 15.9226 	 109.6244 	 17.5476 	 109.5499
44.5714 	 16.1952 	 15.9796 	 109.5074 	 17.4468 	 109.6234
45.0000 	 16.2032 	 15.9971 	 109.5773 	 17.5346 	 109.5018
45.4286 	 16.2676 	 16.0540 	 109.4617 	 17.4316 	 109.5779
45.8571 	 16.2747 	 16.0708 	 109.5344 	 17.5219 	 109.4589
46.2857 	 16.3384 	 16.1272 	 109.4208 	 17.4199 	 109.5369
46.7143 	 16.3447 	 16.1430 	 109.4933 	 17.5074 	 109.4174
47.1429 	 16.4083 	 16.1973 	 109.3751 	 17.3949 	 109.3085
47.5714 	 16.4114 	 16.2220 	 109.3908 	 17.4556 	 109.3064
48.0000 	 16.4651 	 16.2639 	 109.3327 	 17.3862 	 109.4423
48.4286 	 16.4818 	 16.2916 	 109.3479 	 17.4287 	 109.2657
48.8571 	 16.5262 	 16.3300 	 109.3047 	 17.3847 	 109.4108
49.2857 	 16.5512 	 16.3605 	 109.3062 	 17.4088 	 109.2262
49.7143 	 16.5890 	 16.3960 	 109.2689 	 17.3766 	 109.3740
50.1429 	 16.6170 	 16.4275 	 109.2589 	 17.3879 	 109.1798
50.5714 	 16.6520 	 16.4617 	 109.2336 	 17.3710 	 109.3382
51.0000 	 16.6834 	 16.4944 	 109.2148 	 17.3605 	 109.3188
51.4286 	 16.7170 	 16.5275 	 109.1965 	 17.3543 	 109.3019
51.8571 	 16.7484 	 16.5597 	 109.1790 	 17.3506 	 109.2847
52.2857 	 16.7802 	 16.5919 	 109.1593 	 17.3419 	 109.2655
52.7143 	 16.8112 	 16.6236 	 109.1412 	 17.3351 	 109.2476
53.1429 	 16.8421 	 16.6550 	 109.1219 	 17.3271 	 109.2287
53.5714 	 16.8728 	 16.6863 	 109.1033 	 17.3199 	 109.2104
54.0000 	 16.9032 	 16.7171 	 109.0842 	 17.3106 	 109.1916
54.4286 	 16.9339 	 16.7482 	 109.0671 	 17.3056 	 109.1751
54.8571 	 16.9637 	 16.7765 	 109.0495 	 17.2958 	 109.1597
55.2857 	 17.0009 	 16.8133 	 109.0493 	 17.3327 	 108.9782
55.7143 	 17.0236 	 16.8427 	 109.0158 	 17.2911 	 109.1218
56.1429 	 17.0600 	 16.8755 	 109.0022 	 17.2937 	 108.9283
56.5714 	 17.0847 	 16.9037 	 108.9820 	 17.2789 	 109.0899
57.0000 	 17.1175 	 16.9348 	 108.9584 	 17.2688 	 108.8842
57.4286 	 17.1419 	 16.9624 	 108.9377 	 17.2544 	 109.0457
57.8571 	 17.2173 	 17.0608 	 108.6962 	 16.9970 	 108.7785
58.2857 	 17.2028 	 17.0546 	 108.7713 	 17.1481 	 108.8518
58.7143 	 17.2493 	 17.0881 	 108.6873 	 17.0398 	 108.5983
59.1429 	 17.2532 	 17.1042 	 108.7038 	 17.0862 	 108.7859
59.5714 	 17.2950 	 17.1375 	 108.6594 	 17.0387 	 108.5688
60.0000 	 17.3106 	 17.1598 	 108.6556 	 17.0520 	 108.7407
60.4286 	 17.3449 	 17.1898 	 108.6246 	 17.0233 	 108.5332
60.8571 	 17.3677 	 17.2154 	 108.6143 	 17.0257 	 108.5212
61.2857 	 17.3990 	 17.2435 	 108.5804 	 16.9904 	 108.4905
61.7143 	 17.4220 	 17.2688 	 108.5634 	 16.9873 	 108.4723
62.1429 	 17.4488 	 17.2958 	 108.5320 	 16.9604 	 108.4411
62.5714 	 17.4723 	 17.3209 	 108.5122 	 16.9467 	 108.4204
63.0000 	 17.5007 	 17.3480 	 108.4922 	 16.9343 	 108.4022
63.4286 	 17.5255 	 17.3729 	 108.4621 	 16.9093 	 108.3725
63.8571 	 17.5527 	 17.3985 	 108.4403 	 16.9027 	 108.5370
64.2857 	 17.5786 	 17.4245 	 108.4232 	 16.8935 	 108.5205
64.7143 	 17.6059 	 17.4510 	 108.4028 	 16.8798 	 108.5015
65.1429 	 17.6316 	 17.4759 	 108.3794 	 16.8637 	 108.4795
65.5714 	 17.6585 	 17.5021 	 108.3622 	 16.8551 	 108.4637
66.0000 	 17.6844 	 17.5270 	 108.3373 	 16.8361 	 108.4402
66.4286 	 17.7112 	 17.5526 	 108.3231 	 16.8285 	 108.2420
66.8571 	 17.7431 	 17.5810 	 108.3144 	 16.8392 	 108.2382
67.2857 	 17.7677 	 17.6068 	 108.2911 	 16.8191 	 108.2141
67.7143 	 17.7954 	 17.6333 	 108.2737 	 16.8102 	 108.1985
68.1429 	 17.8252 	 17.6669 	 108.2206 	 16.7548 	 108.1415
68.5714 	 17.8390 	 17.6881 	 108.2163 	 16.7618 	 108.3169
69.0000 	 17.8722 	 17.7162 	 108.1880 	 16.7345 	 108.1077
69.4286 	 17.8926 	 17.7395 	 108.1784 	 16.7366 	 108.0963
69.8571 	 17.9212 	 17.7659 	 108.1516 	 16.7151 	 108.0721
70.2857 	 17.9420 	 17.7884 	 108.1337 	 16.7036 	 108.0530
70.7143 	 17.9682 	 17.8130 	 108.1106 	 16.6851 	 108.0318
71.1429 	 17.9904 	 17.8364 	 108.0936 	 16.6763 	 108.0143
71.5714 	 18.0166 	 17.8615 	 108.0718 	 16.6593 	 107.9939
72.0000 	 18.0344 	 17.8722 	 108.0895 	 16.6589 	 108.2045
72.4286 	 18.0766 	 17.9116 	 108.0673 	 16.6949 	 107.9997
72.8571 	 18.0714 	 17.9156 	 108.0517 	 16.6364 	 107.9739
73.2857 	 18.1336 	 17.9630 	 108.0514 	 16.6902 	 108.1820
73.7143 	 18.1136 	 17.9617 	 108.0266 	 16.6135 	 107.9452
74.1429 	 18.1847 	 18.0116 	 108.0101 	 16.6597 	 108.1438
74.5714 	 18.1575 	 18.0074 	 107.9956 	 16.5983 	 107.9137
75.0000 	 18.2341 	 18.0595 	 107.9713 	 16.6318 	 107.9125
75.4286 	 18.2029 	 18.0537 	 107.9620 	 16.5786 	 107.8804
75.8571 	 18.2821 	 18.1069 	 107.9345 	 16.6074 	 107.8772
76.2857 	 18.2486 	 18.1001 	 107.9267 	 16.5560 	 107.8454
76.7143 	 18.3296 	 18.1538 	 107.9043 	 16.5953 	 107.8488
77.1429 	 18.3021 	 18.1512 	 107.8887 	 16.5278 	 107.9986
77.5714 	 18.3689 	 18.1939 	 107.8969 	 16.6036 	 107.8416
78.0000 	 18.3596 	 18.2014 	 107.8452 	 16.4964 	 107.7723
78.4286 	 18.4088 	 18.2350 	 107.8737 	 16.5734 	 107.8165
78.8571 	 18.4168 	 18.2535 	 107.8445 	 16.5373 	 107.9721
79.2857 	 18.4507 	 18.2804 	 107.8343 	 16.5375 	 107.7742
79.7143 	 18.4662 	 18.3003 	 107.8184 	 16.5262 	 107.9494
80.1429 	 18.4951 	 18.3325 	 107.7848 	 16.5277 	 107.9158
80.5714 	 18.5019 	 18.3403 	 107.7621 	 16.4506 	 107.8876
81.0000 	 18.5433 	 18.3769 	 107.7593 	 16.5222 	 107.7002
81.4286 	 18.5398 	 18.3816 	 107.7260 	 16.4231 	 107.6563
81.8571 	 18.5890 	 18.4210 	 107.7277 	 16.5029 	 107.8681
82.2857 	 18.5826 	 18.4321 	 107.6770 	 16.4143 	 107.6036
82.7143 	 18.6233 	 18.4562 	 107.6719 	 16.4016 	 107.6105
83.1429 	 18.6374 	 18.4804 	 107.6815 	 16.4708 	 107.8109
83.5714 	 18.6583 	 18.4975 	 107.6246 	 16.3529 	 107.7523
84.0000 	 18.6744 	 18.4950 	 107.7282 	 16.4565 	 107.8741
84.4286 	 18.7228 	 18.5421 	 107.7145 	 16.5363 	 107.8714
84.8571 	 18.7038 	 18.5331 	 107.6451 	 16.3486 	 107.5842
85.2857 	 18.7605 	 18.5638 	 107.7615 	 16.5644 	 107.7272
85.7143 	 18.7630 	 18.5902 	 107.6652 	 16.4641 	 107.8109
86.1429 	 18.7901 	 18.6224 	 107.6446 	 16.4310 	 107.7845
86.5714 	 18.7997 	 18.6449 	 107.6275 	 16.4539 	 107.5620
87.0000 	 18.8149 	 18.6448 	 107.6178 	 16.3505 	 107.5580
87.4286 	 18.8535 	 18.6673 	 107.7351 	 16.5610 	 107.8961
87.8571 	 18.8650 	 18.6858 	 107.6571 	 16.4451 	 107.6074
88.2857 	 18.8892 	 18.7068 	 107.6723 	 16.4867 	 107.8288
88.7143 	 18.9062 	 18.7262 	 107.6408 	 16.4488 	 107.5932
89.1429 	 18.9273 	 18.7464 	 107.6324 	 16.4505 	 107.7878
89.5714 	 18.9456 	 18.7659 	 107.6131 	 16.4329 	 107.7675
90.0000 	 18.9760 	 18.8117 	 107.5439 	 16.4348 	 107.4891
90.4286 	 18.9618 	 18.8009 	 107.4690 	 16.2267 	 107.4028
90.8571 	 19.0032 	 18.8291 	 107.4908 	 16.2889 	 107.4370
91.2857 	 19.0240 	 18.8517 	 107.4600 	 16.2528 	 107.6035
91.7143 	 19.0483 	 18.8884 	 107.4221 	 16.2492 	 107.3603
92.1429 	 19.0596 	 18.9011 	 107.4615 	 16.3120 	 107.5977
92.5714 	 19.0793 	 18.9191 	 107.4287 	 16.2718 	 107.5657
93.0000 	 19.0941 	 18.9356 	 107.4250 	 16.2788 	 107.5614
93.4286 	 19.1138 	 18.9545 	 107.4055 	 16.2598 	 107.5426
93.8571 	 19.1305 	 18.9722 	 107.3907 	 16.2482 	 107.5271
94.2857 	 19.1477 	 18.9901 	 107.3736 	 16.2328 	 107.5095
94.7143 	 19.1649 	 19.0078 	 107.3622 	 16.2272 	 107.4981
95.1429 	 19.1836 	 19.0260 	 107.3460 	 16.2160 	 107.4826
95.5714 	 19.1998 	 19.0431 	 107.3309 	 16.2071 	 107.4673
96.0000 	 19.2168 	 19.0606 	 107.3167 	 16.1967 	 107.4529
96.4286 	 19.2347 	 19.0786 	 107.3044 	 16.1892 	 107.4409
96.8571 	 19.2526 	 19.0965 	 107.2919 	 16.1809 	 107.4285
97.2857 	 19.2705 	 19.1145 	 107.2796 	 16.1730 	 107.4165
97.7143 	 19.2941 	 19.1449 	 107.2432 	 16.1719 	 107.3773
98.1429 	 19.3018 	 19.1610 	 107.1866 	 16.0952 	 107.1143
98.5714 	 19.3268 	 19.1814 	 107.1928 	 16.1167 	 107.1255
99.0000 	 19.3412 	 19.1981 	 107.1738 	 16.0971 	 107.1046
99.4286 	 19.3614 	 19.2165 	 107.1656 	 16.0951 	 107.0982
99.8571 	 19.3778 	 19.2336 	 107.1536 	 16.0866 	 107.0858
100.2857 	 19.3963 	 19.2516 	 107.1423 	 16.0801 	 107.2732
100.7143 	 19.4123 	 19.2645 	 107.1316 	 16.0122 	 107.0626
101.1429 	 19.4246 	 19.2783 	 107.1734 	 16.0760 	 107.1047
101.5714 	 19.4466 	 19.2972 	 107.1444 	 16.0401 	 107.0777
102.0000 	 19.4598 	 19.3127 	 107.1463 	 16.0529 	 107.0785
102.4286 	 19.4795 	 19.3306 	 107.1301 	 16.0365 	 107.2614
102.8571 	 19.4943 	 19.3464 	 107.1245 	 16.0375 	 107.0577
103.2857 	 19.5126 	 19.3637 	 107.1127 	 16.0282 	 107.2447
103.7143 	 19.5285 	 19.3799 	 107.1046 	 16.0252 	 107.2366
104.1429 	 19.5455 	 19.3962 	 107.0943 	 16.0172 	 107.2270
104.5714 	 19.5678 	 19.4134 	 107.0575 	 15.9904 	 106.9953
105.0000 	 19.5825 	 19.4299 	 107.0661 	 16.0085 	 107.0031
105.4286 	 19.6042 	 19.4486 	 107.0512 	 15.9948 	 106.9907
105.8571 	 19.6164 	 19.4630 	 107.0535 	 16.0012 	 106.9913
106.2857 	 19.6370 	 19.4805 	 107.0387 	 15.9894 	 106.9793
106.7143 	 19.6495 	 19.4949 	 107.0314 	 15.9879 	 106.9708
107.1429 	 19.6682 	 19.5112 	 107.0183 	 15.9792 	 107.1620
107.5714 	 19.6809 	 19.5235 	 107.0145 	 15.9734 	 107.1584
108.0000 	 19.7015 	 19.5396 	 107.0195 	 15.9932 	 107.1681
108.4286 	 19.7149 	 19.5545 	 107.0065 	 15.9811 	 107.1539
108.8571 	 19.7325 	 19.5707 	 106.9996 	 15.9791 	 106.9442
109.2857 	 19.7480 	 19.5863 	 106.9901 	 15.9728 	 106.9349
109.7143 	 19.7639 	 19.6016 	 106.9812 	 15.9665 	 106.9266
110.1429 	 19.7795 	 19.6169 	 106.9725 	 15.9620 	 106.9185
110.5714 	 19.7952 	 19.6321 	 106.9634 	 15.9563 	 106.9099
111.0000 	 19.8108 	 19.6476 	 106.9540 	 15.9507 	 106.9008
111.4286 	 19.8268 	 19.6649 	 106.9385 	 15.9478 	 106.8851
111.8571 	 19.8394 	 19.6804 	 106.9168 	 15.9187 	 106.8605
112.2857 	 19.8568 	 19.6962 	 106.9134 	 15.9219 	 106.8588
112.7143 	 19.8710 	 19.7109 	 106.9019 	 15.9122 	 106.8470
113.1429 	 19.8868 	 19.7260 	 106.8940 	 15.9084 	 106.8399
113.5714 	 19.9015 	 19.7406 	 106.8844 	 15.9018 	 106.8304
114.0000 	 19.9167 	 19.7554 	 106.8754 	 15.8962 	 106.8219
114.4286 	 19.9314 	 19.7701 	 106.8659 	 15.8901 	 107.0192
114.8571 	 19.9531 	 19.7848 	 106.8435 	 15.8727 	 106.7942
115.2857 	 19.9622 	 19.7979 	 106.8283 	 15.8584 	 106.9842
115.7143 	 19.9814 	 19.8142 	 106.8210 	 15.8552 	 106.7710
116.1429 	 19.9936 	 19.8278 	 106.8110 	 15.8484 	 106.9686
116.5714 	 20.0096 	 19.8430 	 106.8017 	 15.8423 	 106.7517
117.0000 	 20.0237 	 19.8574 	 106.7938 	 15.8385 	 106.7437
117.4286 	 20.0387 	 19.8720 	 106.7831 	 15.8308 	 106.7336
117.8571 	 20.0526 	 19.8860 	 106.7736 	 15.8250 	 106.7242
118.2857 	 20.0672 	 19.9003 	 106.7634 	 15.8180 	 106.7143
118.7143 	 20.0811 	 19.9142 	 106.7534 	 15.8114 	 106.7045
119.1429 	 20.0954 	 19.9283 	 106.7431 	 15.8045 	 106.6946
119.5714 	 20.1094 	 19.9422 	 106.7331 	 15.7977 	 106.6848
120.0000 	 20.1234 	 19.9561 	 106.7228 	 15.7907 	 106.6748
120.4286 	 20.1373 	 19.9699 	 106.7127 	 15.7838 	 106.8755
120.8571 	 20.1512 	 19.9836 	 106.7025 	 15.7768 	 106.8657
121.2857 	 20.1650 	 19.9973 	 106.6923 	 15.7697 	 106.8558
121.7143 	 20.1787 	 20.0109 	 106.6822 	 15.7627 	 106.8459
122.1429 	 20.1924 	 20.0244 	 106.6722 	 15.7558 	 106.8362
122.5714 	 20.2059 	 20.0379 	 106.6622 	 15.7486 	 106.8264
123.0000 	 20.2194 	 20.0513 	 106.6522 	 15.7417 	 106.8167
123.4286 	 20.2329 	 20.0646 	 106.6418 	 15.7342 	 106.8065
123.8571 	 20.2463 	 20.0778 	 106.6315 	 15.7270 	 106.7965
124.2857 	 20.2596 	 20.0910 	 106.6210 	 15.7195 	 106.7864
124.7143 	 20.2733 	 20.1067 	 106.6050 	 15.7143 	 106.7696
125.1429 	 20.2824 	 20.1196 	 106.5765 	 15.6758 	 106.7373
125.5714 	 20.2972 	 20.1331 	 106.5720 	 15.6777 	 106.7342
126.0000 	 20.3091 	 20.1457 	 106.5589 	 15.6658 	 106.7206
126.4286 	 20.3227 	 20.1587 	 106.5498 	 15.6600 	 106.7122
126.8571 	 20.3353 	 20.1713 	 106.5399 	 15.6531 	 106.7024
127.2857 	 20.3441 	 20.1741 	 106.5479 	 15.6298 	 106.7126
127.7143 	 20.3354 	 20.1792 	 106.6488 	 15.7260 	 106.8002
128.1429 	 20.3715 	 20.1825 	 106.6155 	 15.6611 	 106.7938
128.5714 	 20.4019 	 20.2261 	 106.4655 	 15.5761 	 106.6386
129.0000 	 20.3594 	 20.2186 	 106.6147 	 15.7317 	 106.5504
129.4286 	 20.4222 	 20.2466 	 106.6102 	 15.7397 	 106.7843
129.8571 	 20.3887 	 20.2450 	 106.5618 	 15.6663 	 106.4988
130.2857 	 20.4140 	 20.2566 	 106.6506 	 15.7263 	 106.8023
130.7143 	 20.4425 	 20.2761 	 106.6035 	 15.7461 	 106.5565
131.1429 	 20.4345 	 20.2851 	 106.5173 	 15.6273 	 106.6657
131.5714 	 20.4411 	 20.2893 	 106.6296 	 15.7177 	 106.7778
132.0000 	 20.4636 	 20.3104 	 106.5952 	 15.7111 	 106.7467
132.4286 	 20.4623 	 20.3129 	 106.5817 	 15.6565 	 106.5204
132.8571 	 20.4875 	 20.3340 	 106.5905 	 15.7200 	 106.5343
133.2857 	 20.4859 	 20.3368 	 106.5557 	 15.6314 	 106.4942
133.7143 	 20.5103 	 20.3571 	 106.5741 	 15.7104 	 106.5181
134.1429 	 20.5088 	 20.3600 	 106.5346 	 15.6139 	 106.4730
134.5714 	 20.5292 	 20.3772 	 106.5703 	 15.7345 	 106.5154
135.0000 	 20.5417 	 20.3902 	 106.4954 	 15.6284 	 106.4377
135.4286 	 20.5499 	 20.4005 	 106.5159 	 15.6707 	 106.4582
135.8571 	 20.5650 	 20.4139 	 106.4889 	 15.6362 	 106.4319
136.2857 	 20.5740 	 20.4244 	 106.4870 	 15.6420 	 106.4293
136.7143 	 20.5870 	 20.4366 	 106.4724 	 15.6266 	 106.4153
137.1429 	 20.5970 	 20.4475 	 106.4651 	 15.6228 	 106.4076
137.5714 	 20.6089 	 20.4591 	 106.4539 	 15.6129 	 106.3966
138.0000 	 20.6193 	 20.4701 	 106.4447 	 15.6057 	 106.3871
138.4286 	 20.6306 	 20.4814 	 106.4348 	 15.5973 	 106.3772
138.8571 	 20.6382 	 20.4926 	 106.4414 	 15.6040 	 106.3811
139.2857 	 20.6499 	 20.5037 	 106.4249 	 15.5857 	 106.3648
139.7143 	 20.6590 	 20.5139 	 106.4186 	 15.5828 	 106.3579
140.1429 	 20.6705 	 20.5252 	 106.4075 	 15.5722 	 106.3470
140.5714 	 20.6804 	 20.5357 	 106.3989 	 15.5658 	 106.3380
141.0000 	 20.6913 	 20.5467 	 106.3892 	 15.5571 	 106.3283
141.4286 	 20.7010 	 20.5568 	 106.3804 	 15.5490 	 106.3192
141.8571 	 20.7103 	 20.5663 	 106.3759 	 15.5434 	 106.5235
142.2857 	 20.7209 	 20.5768 	 106.3662 	 15.5342 	 106.3048
142.7143 	 20.7305 	 20.5870 	 106.3584 	 15.5283 	 106.5057
143.1429 	 20.7410 	 20.5976 	 106.3492 	 15.5199 	 106.2874
143.5714 	 20.7509 	 20.6079 	 106.3409 	 15.5131 	 106.4879
144.0000 	 20.7612 	 20.6183 	 106.3320 	 15.5055 	 106.2700
144.4286 	 20.7711 	 20.6286 	 106.3236 	 15.4983 	 106.4704
144.8571 	 20.7811 	 20.6389 	 106.3150 	 15.4910 	 106.4617
145.2857 	 20.7910 	 20.6490 	 106.3067 	 15.4839 	 106.4532
145.7143 	 20.8009 	 20.6592 	 106.2985 	 15.4769 	 106.4448
146.1429 	 20.8107 	 20.6693 	 106.2899 	 15.4696 	 106.4361
146.5714 	 20.8205 	 20.6794 	 106.2816 	 15.4625 	 106.4276
147.0000 	 20.8303 	 20.6894 	 106.2731 	 15.4552 	 106.4190
147.4286 	 20.8400 	 20.6994 	 106.2648 	 15.4481 	 106.4106
147.8571 	 20.8496 	 20.7093 	 106.2564 	 15.4408 	 106.4020
148.2857 	 20.8593 	 20.7192 	 106.2481 	 15.4337 	 106.3936
148.7143 	 20.8659 	 20.7291 	 106.2552 	 15.4400 	 106.3982
149.1429 	 20.8728 	 20.7336 	 106.2515 	 15.4050 	 106.1869
149.5714 	 20.8927 	 20.7519 	 106.2427 	 15.4513 	 106.1812
150.0000 	 20.8862 	 20.7514 	 106.2299 	 15.3812 	 106.1618
150.4286 	 20.9156 	 20.7750 	 106.2236 	 15.4435 	 106.1626
150.8571 	 20.8988 	 20.7700 	 106.1945 	 15.3348 	 106.3261
151.2857 	 20.9370 	 20.7949 	 106.2140 	 15.4394 	 106.3657
151.7143 	 20.9158 	 20.7886 	 106.1756 	 15.3167 	 106.1032
152.1429 	 20.9563 	 20.8141 	 106.1987 	 15.4265 	 106.3506
152.5714 	 20.9338 	 20.8074 	 106.1606 	 15.3042 	 106.0878
153.0000 	 20.9753 	 20.8331 	 106.1828 	 15.4126 	 106.3348
153.4286 	 20.9518 	 20.8260 	 106.1453 	 15.2914 	 106.0722
153.8571 	 20.9939 	 20.8518 	 106.1671 	 15.3988 	 106.3190
154.2857 	 20.9699 	 20.8446 	 106.1301 	 15.2786 	 106.0568
154.7143 	 21.0121 	 20.8703 	 106.1515 	 15.3851 	 106.3034
155.1429 	 20.9881 	 20.8630 	 106.1148 	 15.2659 	 106.0415
155.5714 	 21.0298 	 20.8886 	 106.1371 	 15.3718 	 106.2885
156.0000 	 21.0066 	 20.8818 	 106.1029 	 15.2564 	 106.0295
156.4286 	 21.0433 	 20.8976 	 106.1475 	 15.3435 	 106.2992
156.8571 	 21.0403 	 20.9111 	 106.1087 	 15.3313 	 106.2484
157.2857 	 21.0410 	 20.9110 	 106.0871 	 15.2465 	 106.2206
157.7143 	 21.0673 	 20.9313 	 106.1125 	 15.3481 	 106.0486
158.1429 	 21.0591 	 20.9360 	 106.0339 	 15.2305 	 106.1653
158.5714 	 21.0769 	 20.9471 	 106.0592 	 15.2748 	 106.1987
159.0000 	 21.0814 	 20.9549 	 106.0381 	 15.2468 	 105.9675
159.4286 	 21.0925 	 20.9643 	 106.0365 	 15.2494 	 105.9674
159.8571 	 21.0998 	 20.9726 	 106.0269 	 15.2395 	 105.9570
160.2857 	 21.1092 	 20.9816 	 106.0205 	 15.2346 	 105.9511
160.7143 	 21.1173 	 20.9900 	 106.0129 	 15.2280 	 105.9432
161.1429 	 21.1262 	 20.9987 	 106.0056 	 15.2218 	 105.9362
161.5714 	 21.1298 	 20.9979 	 106.0219 	 15.1993 	 105.9529
162.0000 	 21.1523 	 21.0179 	 106.0411 	 15.2864 	 105.9766
162.4286 	 21.1421 	 21.0136 	 105.9858 	 15.1522 	 106.1186
162.8571 	 21.1706 	 21.0346 	 106.0364 	 15.2891 	 106.1849
163.2857 	 21.1579 	 21.0301 	 105.9682 	 15.1344 	 106.1005
163.7143 	 21.1900 	 21.0509 	 106.0112 	 15.2674 	 106.1621
164.1429 	 21.1739 	 21.0467 	 105.9598 	 15.1303 	 106.0919
164.5714 	 21.2083 	 21.0683 	 105.9949 	 15.2519 	 105.9331
165.0000 	 21.1897 	 21.0630 	 105.9471 	 15.1205 	 106.0789
165.4286 	 21.2226 	 21.0838 	 105.9874 	 15.2448 	 106.1380
165.8571 	 21.2064 	 21.0789 	 105.9299 	 15.1052 	 106.0624
166.2857 	 21.2375 	 21.0994 	 105.9738 	 15.2338 	 106.1241
166.7143 	 21.2235 	 21.0954 	 105.9148 	 15.0922 	 105.8429
167.1429 	 21.2532 	 21.1153 	 105.9595 	 15.2216 	 106.1097
167.5714 	 21.2402 	 21.1117 	 105.9004 	 15.0801 	 105.8289
168.0000 	 21.2688 	 21.1310 	 105.9450 	 15.2088 	 106.0953
168.4286 	 21.2564 	 21.1276 	 105.8863 	 15.0682 	 105.8151
168.8571 	 21.2845 	 21.1466 	 105.9316 	 15.1976 	 105.8686
169.2857 	 21.2726 	 21.1434 	 105.8726 	 15.0567 	 105.8018
169.7143 	 21.2986 	 21.1624 	 105.9051 	 15.1714 	 106.0543
170.1429 	 21.2846 	 21.1581 	 105.8504 	 15.0394 	 105.7780
170.5714 	 21.3133 	 21.1774 	 105.8953 	 15.1657 	 106.0445
171.0000 	 21.3014 	 21.1742 	 105.8349 	 15.0255 	 105.7631
171.4286 	 21.3283 	 21.1928 	 105.8822 	 15.1550 	 106.0312
171.8571 	 21.3177 	 21.1900 	 105.8709 	 15.0635 	 105.7994
172.2857 	 21.3438 	 21.2083 	 105.9185 	 15.1933 	 106.0676
172.7143 	 21.3337 	 21.2057 	 105.8573 	 15.0520 	 105.7861
173.1429 	 21.3593 	 21.2237 	 105.9047 	 15.1812 	 106.0539
173.5714 	 21.3494 	 21.2211 	 105.8438 	 15.0407 	 105.7730
174.0000 	 21.3747 	 21.2389 	 105.8902 	 15.1687 	 105.8262
174.4286 	 21.3650 	 21.2364 	 105.8308 	 15.0301 	 105.7603
174.8571 	 21.3901 	 21.2541 	 105.8763 	 15.1564 	 105.8125
175.2857 	 21.3804 	 21.2516 	 105.8174 	 15.0190 	 105.7472
175.7143 	 21.4055 	 21.2692 	 105.8626 	 15.1445 	 105.7990
176.1429 	 21.3957 	 21.2666 	 105.8035 	 15.0073 	 105.7336
176.5714 	 21.4207 	 21.2841 	 105.8494 	 15.1331 	 105.7861
177.0000 	 21.4110 	 21.2816 	 105.7903 	 14.9962 	 105.9280
177.4286 	 21.4358 	 21.2990 	 105.8361 	 15.1215 	 105.7729
177.8571 	 21.4261 	 21.2964 	 105.7773 	 14.9850 	 105.9152
178.2857 	 21.4460 	 21.3045 	 105.8456 	 15.0941 	 105.7832
178.7143 	 21.4487 	 21.3107 	 105.8097 	 15.0429 	 105.9572
179.1429 	 21.4575 	 21.3178 	 105.8162 	 15.0579 	 105.9655
179.5714 	 21.4642 	 21.3250 	 105.8041 	 15.0434 	 105.9528
180.0000 	 21.4717 	 21.3322 	 105.8000 	 15.0418 	 105.9492
180.4286 	 21.4789 	 21.3394 	 105.7926 	 15.0347 	 105.9417
180.8571 	 21.4859 	 21.3465 	 105.7876 	 15.0307 	 105.9367
181.2857 	 21.4934 	 21.3538 	 105.7825 	 15.0263 	 105.9317
181.7143 	 21.5010 	 21.3611 	 105.7763 	 15.0213 	 105.9259
182.1429 	 21.5081 	 21.3681 	 105.7703 	 15.0162 	 105.9199
182.5714 	 21.5156 	 21.3753 	 105.7642 	 15.0111 	 105.9140
183.0000 	 21.5228 	 21.3824 	 105.7581 	 15.0060 	 105.9081
183.4286 	 21.5300 	 21.3895 	 105.7521 	 15.0009 	 105.6888
183.8571 	 21.5372 	 21.3965 	 105.7459 	 14.9959 	 105.6828
184.2857 	 21.5443 	 21.4035 	 105.7398 	 14.9907 	 105.6768
184.7143 	 21.5515 	 21.4105 	 105.7338 	 14.9856 	 105.6709
185.1429 	 21.5586 	 21.4174 	 105.7278 	 14.9806 	 105.6651
185.5714 	 21.5658 	 21.4244 	 105.7217 	 14.9755 	 105.6592
186.0000 	 21.5728 	 21.4313 	 105.7158 	 14.9704 	 105.6534
186.4286 	 21.5799 	 21.4382 	 105.7098 	 14.9655 	 105.6476
186.8571 	 21.5870 	 21.4451 	 105.7037 	 14.9605 	 105.6417
187.2857 	 21.5940 	 21.4522 	 105.6972 	 14.9557 	 105.6353
187.7143 	 21.6015 	 21.4593 	 105.6910 	 14.9506 	 105.6293
188.1429 	 21.6085 	 21.4661 	 105.6849 	 14.9459 	 105.6234
188.5714 	 21.6153 	 21.4728 	 105.6785 	 14.9405 	 105.6171
189.0000 	 21.6222 	 21.4796 	 105.6726 	 14.9356 	 105.6114
189.4286 	 21.6291 	 21.4863 	 105.6666 	 14.9306 	 105.6055
189.8571 	 21.6360 	 21.4930 	 105.6607 	 14.9257 	 105.5998
190.2857 	 21.6428 	 21.4997 	 105.6548 	 14.9208 	 105.8095
190.7143 	 21.6496 	 21.5064 	 105.6490 	 14.9159 	 105.8039
191.1429 	 21.6564 	 21.5130 	 105.6433 	 14.9111 	 105.7983
191.5714 	 21.6632 	 21.5196 	 105.6376 	 14.9064 	 105.7928
192.0000 	 21.6700 	 21.5262 	 105.6323 	 14.9024 	 105.7877
192.4286 	 21.6768 	 21.5327 	 105.6264 	 14.8975 	 105.7820
192.8571 	 21.6833 	 21.5392 	 105.6207 	 14.8926 	 105.7763
193.2857 	 21.6901 	 21.5457 	 105.6152 	 14.8880 	 105.7710
193.7143 	 21.6967 	 21.5522 	 105.6097 	 14.8835 	 105.7657
194.1429 	 21.7034 	 21.5587 	 105.6042 	 14.8789 	 105.7604
194.5714 	 21.7100 	 21.5652 	 105.5988 	 14.8744 	 105.7552
195.0000 	 21.7167 	 21.5716 	 105.5934 	 14.8699 	 105.7500
195.4286 	 21.7233 	 21.5780 	 105.5881 	 14.8654 	 105.7448
195.8571 	 21.7299 	 21.5844 	 105.5828 	 14.8611 	 105.7397
196.2857 	 21.7365 	 21.5908 	 105.5776 	 14.8567 	 105.7346
196.7143 	 21.7430 	 21.5971 	 105.5724 	 14.8524 	 105.5121
197.1429 	 21.7495 	 21.6034 	 105.5673 	 14.8482 	 105.5072
197.5714 	 21.7560 	 21.6097 	 105.5622 	 14.8440 	 105.5023
198.0000 	 21.7625 	 21.6160 	 105.5572 	 14.8399 	 105.4975
198.4286 	 21.7690 	 21.6222 	 105.5521 	 14.8357 	 105.4926
198.8571 	 21.7755 	 21.6285 	 105.5471 	 14.8316 	 105.4877
199.2857 	 21.7819 	 21.6347 	 105.5421 	 14.8275 	 105.4829
199.7143 	 21.7883 	 21.6409 	 105.5371 	 14.8235 	 105.4781
200.1429 	 21.7947 	 21.6471 	 105.5321 	 14.8195 	 105.4734
200.5714 	 21.8011 	 21.6532 	 105.5273 	 14.8155 	 105.4687
201.0000 	 21.8074 	 21.6593 	 105.5224 	 14.8116 	 105.4640
201.4286 	 21.8138 	 21.6654 	 105.5175 	 14.8077 	 105.4593
201.8571 	 21.8201 	 21.6715 	 105.5128 	 14.8039 	 105.4547
202.2857 	 21.8249 	 21.6774 	 105.5167 	 14.8055 	 105.4578
202.7143 	 21.8317 	 21.6837 	 105.5085 	 14.7967 	 105.4499
203.1429 	 21.8370 	 21.6893 	 105.5050 	 14.7949 	 105.4463
203.5714 	 21.8437 	 21.6955 	 105.4996 	 14.7899 	 105.4412
204.0000 	 21.8495 	 21.7013 	 105.4952 	 14.7866 	 105.4368
204.4286 	 21.8558 	 21.7074 	 105.4905 	 14.7825 	 105.4323
204.8571 	 21.8618 	 21.7133 	 105.4860 	 14.7789 	 105.4280
205.2857 	 21.8680 	 21.7192 	 105.4812 	 14.7745 	 105.4233
205.7143 	 21.8740 	 21.7250 	 105.4769 	 14.7711 	 105.6386
206.1429 	 21.8801 	 21.7309 	 105.4724 	 14.7674 	 105.6343
206.5714 	 21.8861 	 21.7367 	 105.4677 	 14.7632 	 105.6298
207.0000 	 21.8921 	 21.7425 	 105.4635 	 14.7600 	 105.6258
207.4286 	 21.8968 	 21.7468 	 105.4631 	 14.7653 	 105.6259
207.8571 	 21.9032 	 21.7516 	 105.4606 	 14.7685 	 105.6250
208.2857 	 21.9090 	 21.7570 	 105.4541 	 14.7631 	 105.3973
208.7143 	 21.9138 	 21.7622 	 105.4497 	 14.7598 	 105.3927
209.1429 	 21.9201 	 21.7680 	 105.4452 	 14.7557 	 105.3884
209.5714 	 21.9256 	 21.7736 	 105.4412 	 14.7527 	 105.3844
210.0000 	 21.9316 	 21.7793 	 105.4368 	 14.7487 	 105.3802
210.4286 	 21.9372 	 21.7849 	 105.4330 	 14.7459 	 105.3765
210.8571 	 21.9433 	 21.7907 	 105.4288 	 14.7425 	 105.3725
211.2857 	 21.9490 	 21.7963 	 105.4249 	 14.7395 	 105.3687
211.7143 	 21.9549 	 21.8020 	 105.4210 	 14.7364 	 105.3649
212.1429 	 21.9606 	 21.8077 	 105.4170 	 14.7333 	 105.3611
212.5714 	 21.9665 	 21.8133 	 105.4131 	 14.7302 	 105.3574
213.0000 	 21.9724 	 21.8191 	 105.4089 	 14.7273 	 105.3533
213.4286 	 21.9777 	 21.8243 	 105.4050 	 14.7237 	 105.3494
213.8571 	 21.9836 	 21.8300 	 105.4018 	 14.7214 	 105.3465
214.2857 	 21.9894 	 21.8356 	 105.3977 	 14.7181 	 105.3425
214.7143 	 21.9950 	 21.8411 	 105.4275 	 14.7487 	 105.3724
215.1429 	 22.0007 	 21.8466 	 105.4237 	 14.7457 	 105.3688
215.5714 	 22.0066 	 21.8523 	 105.4196 	 14.7429 	 105.3648
216.0000 	 22.0120 	 21.8577 	 105.4155 	 14.7395 	 105.3607
216.4286 	 22.0176 	 21.8631 	 105.4121 	 14.7369 	 105.3574
216.8571 	 22.0232 	 21.8685 	 105.4083 	 14.7338 	 105.5773
217.2857 	 22.0287 	 21.8739 	 105.4047 	 14.7310 	 105.5738
217.7143 	 22.0343 	 21.8793 	 105.4011 	 14.7282 	 105.5704
218.1429 	 22.0398 	 21.8846 	 105.3976 	 14.7254 	 105.5670
218.5714 	 22.0453 	 21.8900 	 105.3941 	 14.7227 	 105.5636
219.0000 	 22.0508 	 21.8953 	 105.3906 	 14.7200 	 105.5603
219.4286 	 22.0563 	 21.9006 	 105.3871 	 14.7174 	 105.5570
219.8571 	 22.0617 	 21.9059 	 105.3837 	 14.7147 	 105.5537
220.2857 	 22.0671 	 21.9112 	 105.3803 	 14.7121 	 105.5504
220.7143 	 22.0726 	 21.9165 	 105.3770 	 14.7095 	 105.5472
221.1429 	 22.0780 	 21.9217 	 105.3736 	 14.7069 	 105.5439
221.5714 	 22.0833 	 21.9269 	 105.3702 	 14.7043 	 105.5407
222.0000 	 22.0887 	 21.9322 	 105.3669 	 14.7017 	 105.5375
222.4286 	 22.0941 	 21.9374 	 105.3636 	 14.6992 	 105.5343
222.8571 	 22.0994 	 21.9426 	 105.3603 	 14.6966 	 105.5311
223.2857 	 22.1047 	 21.9477 	 105.3571 	 14.6941 	 105.5280
223.7143 	 22.1100 	 21.9529 	 105.3538 	 14.6915 	 105.5249
224.1429 	 22.1152 	 21.9580 	 105.3506 	 14.6890 	 105.5217
224.5714 	 22.1205 	 21.9632 	 105.3475 	 14.6865 	 105.5187
225.0000 	 22.1257 	 21.9683 	 105.3443 	 14.6841 	 105.5156
225.4286 	 22.1309 	 21.9734 	 105.3412 	 14.6816 	 105.2872
225.8571 	 22.1361 	 21.9785 	 105.3381 	 14.6792 	 105.2842
226.2857 	 22.1412 	 21.9835 	 105.3350 	 14.6768 	 105.2812
226.7143 	 22.1464 	 21.9886 	 105.3320 	 14.6745 	 105.2783
227.1429 	 22.1515 	 21.9927 	 105.3289 	 14.6720 	 105.2758
227.5714 	 22.1545 	 21.9975 	 105.3528 	 14.7228 	 105.5277
228.0000 	 22.1638 	 22.0051 	 105.3166 	 14.6566 	 105.2632
228.4286 	 22.1660 	 22.0082 	 105.3238 	 14.6708 	 105.2702
228.8571 	 22.1735 	 22.0133 	 105.3182 	 14.6645 	 105.2661
229.2857 	 22.1751 	 22.0175 	 105.3432 	 14.7172 	 105.5186
229.7143 	 22.1852 	 22.0254 	 105.3066 	 14.6503 	 105.2540
230.1429 	 22.1867 	 22.0275 	 105.3135 	 14.6647 	 105.2611
230.5714 	 22.2002 	 22.0366 	 105.3110 	 14.6970 	 105.2618
231.0000 	 22.1948 	 22.0389 	 105.2992 	 14.6461 	 105.2442
231.4286 	 22.2062 	 22.0441 	 105.3042 	 14.6558 	 105.4810
231.8571 	 22.2130 	 22.0506 	 105.3027 	 14.6916 	 105.2529
