time 	 AmpX 	 AmpY 	 PhaX 	 PhaY 	 Pha_PH
0.8571 	 9.5184 	 9.1256 	 194.3352 	 102.4563 	 191.9673
1.7143 	 9.5184 	 9.1256 	 194.3372 	 102.4583 	 191.9693
2.5714 	 9.8182 	 9.4175 	 194.1806 	 102.1673 	 191.8609
3.4286 	 10.2523 	 9.8326 	 193.3654 	 101.1740 	 190.7319
4.2857 	 10.5699 	 10.1365 	 192.9279 	 100.6355 	 190.2096
5.1429 	 10.8639 	 10.4198 	 192.7555 	 100.3407 	 190.0950
6.0000 	 11.1071 	 10.6619 	 192.7229 	 100.1824 	 189.9552
6.8571 	 11.3729 	 10.9072 	 192.7921 	 100.2015 	 189.9670
7.7143 	 11.5920 	 11.1288 	 192.9297 	 100.2866 	 190.0644
8.5714 	 11.8522 	 11.3644 	 193.0213 	 100.4250 	 190.1836
9.4286 	 12.0637 	 11.5681 	 193.0474 	 100.4705 	 190.2281
10.2857 	 12.2802 	 11.7659 	 193.0237 	 100.4728 	 190.0501
11.1429 	 12.4958 	 11.9690 	 192.9614 	 100.4545 	 190.0275
12.0000 	 12.7124 	 12.1717 	 192.8635 	 100.4381 	 190.0066
12.8571 	 12.9335 	 12.3739 	 192.7485 	 100.4159 	 190.1384
13.7143 	 13.1570 	 12.5760 	 192.6364 	 100.3779 	 190.0871
14.5714 	 13.3700 	 12.7673 	 192.5326 	 100.3332 	 190.0298
15.4286 	 13.5725 	 12.9536 	 192.4416 	 100.2883 	 189.8254
16.2857 	 13.7683 	 13.1377 	 192.3472 	 100.2494 	 189.9351
17.1429 	 13.9616 	 13.3194 	 192.2422 	 100.2269 	 189.7589
18.0000 	 14.1543 	 13.4945 	 192.1389 	 100.2082 	 189.7338
18.8571 	 14.3355 	 13.6609 	 192.0458 	 100.1651 	 189.8283
19.7143 	 14.5058 	 13.8192 	 191.9492 	 100.1107 	 189.6314
20.5714 	 14.6711 	 13.9746 	 191.8444 	 100.0580 	 189.7151
21.4286 	 14.8349 	 14.1294 	 191.7251 	 100.0030 	 189.5233
22.2857 	 14.9930 	 14.2782 	 191.6016 	 99.9338 	 189.5868
23.1429 	 15.1459 	 14.4201 	 191.4743 	 99.8522 	 189.3732
24.0000 	 15.2943 	 14.5585 	 191.3456 	 99.7586 	 189.4087
24.8571 	 15.4391 	 14.6947 	 191.2125 	 99.6606 	 189.1859
25.7143 	 15.5819 	 14.8300 	 191.0767 	 99.5631 	 189.0903
26.5714 	 15.7243 	 14.9643 	 190.9308 	 99.4631 	 189.1159
27.4286 	 15.8661 	 15.0963 	 190.7823 	 99.3602 	 188.8923
28.2857 	 16.0051 	 15.2255 	 190.6407 	 99.2550 	 188.9074
29.1429 	 16.1408 	 15.3528 	 190.5092 	 99.1518 	 188.6897
30.0000 	 16.2731 	 15.4789 	 190.3810 	 99.0528 	 188.7083
30.8571 	 16.4032 	 15.6025 	 190.2521 	 98.9619 	 188.5078
31.7143 	 16.5324 	 15.7239 	 190.1228 	 98.8744 	 188.5315
32.5714 	 16.6600 	 15.8440 	 190.0087 	 98.7917 	 188.4506
33.4286 	 16.7834 	 15.9618 	 189.9001 	 98.7107 	 188.2654
34.2857 	 16.9038 	 16.0773 	 189.7947 	 98.6337 	 188.2960
35.1429 	 16.9826 	 16.1435 	 189.8586 	 98.6567 	 188.2100
36.0000 	 17.0800 	 16.2442 	 189.6586 	 98.5412 	 188.1037
36.8571 	 17.2238 	 16.3845 	 189.5409 	 98.4636 	 188.0301
37.7143 	 17.3087 	 16.4594 	 189.5726 	 98.4629 	 188.0273
38.5714 	 17.4042 	 16.5536 	 189.3920 	 98.3524 	 188.0212
39.4286 	 17.5036 	 16.6486 	 189.3885 	 98.3321 	 188.0024
40.2857 	 17.6045 	 16.7432 	 189.2237 	 98.2238 	 187.7993
41.1429 	 17.7056 	 16.8406 	 189.1833 	 98.1839 	 187.8565
42.0000 	 17.8057 	 16.9345 	 189.0454 	 98.0860 	 187.7613
42.8571 	 17.9056 	 17.0311 	 188.9767 	 98.0268 	 187.6129
43.7143 	 18.0044 	 17.1244 	 188.8527 	 97.9347 	 187.6135
44.5714 	 18.1024 	 17.2180 	 188.7641 	 97.8632 	 187.5449
45.4286 	 18.1991 	 17.3090 	 188.6468 	 97.7733 	 187.3707
46.2857 	 18.2949 	 17.4001 	 188.5545 	 97.6963 	 187.2967
47.1429 	 18.3890 	 17.4896 	 188.4405 	 97.6052 	 187.2938
48.0000 	 18.4823 	 17.5784 	 188.3459 	 97.5253 	 187.2172
48.8571 	 18.5742 	 17.6661 	 188.2384 	 97.4378 	 187.0511
49.7143 	 18.6640 	 17.7525 	 188.1393 	 97.3545 	 186.9715
50.5714 	 18.7522 	 17.8371 	 188.0341 	 97.2667 	 186.9673
51.4286 	 18.8393 	 17.9211 	 187.9347 	 97.1819 	 186.8864
52.2857 	 18.9251 	 18.0042 	 187.8372 	 97.0976 	 186.7290
53.1429 	 19.0089 	 18.0858 	 187.7413 	 97.0148 	 186.6503
54.0000 	 19.0911 	 18.1662 	 187.6461 	 96.9337 	 186.5734
54.8571 	 19.1723 	 18.2448 	 187.5526 	 96.8544 	 186.5725
55.7143 	 19.2527 	 18.3230 	 187.4655 	 96.7795 	 186.5013
56.5714 	 19.3322 	 18.4002 	 187.3814 	 96.7065 	 186.3598
57.4286 	 19.4109 	 18.4766 	 187.3012 	 96.6365 	 186.2933
58.2857 	 19.4888 	 18.5527 	 187.2219 	 96.5677 	 186.2281
59.1429 	 19.5658 	 18.6278 	 187.1461 	 96.5024 	 186.2357
60.0000 	 19.6422 	 18.7025 	 187.0724 	 96.4404 	 186.1769
60.8571 	 19.7178 	 18.7759 	 187.0004 	 96.3814 	 186.1208
61.7143 	 19.7929 	 18.8489 	 186.9302 	 96.3249 	 186.0002
62.5714 	 19.8670 	 18.9206 	 186.8595 	 96.2688 	 185.9466
63.4286 	 19.9405 	 18.9911 	 186.7896 	 96.2138 	 185.8941
64.2857 	 20.0130 	 19.0602 	 186.7208 	 96.1599 	 185.9068
65.1429 	 20.0843 	 19.1283 	 186.6538 	 96.1070 	 185.8562
66.0000 	 20.1545 	 19.1954 	 186.5884 	 96.0546 	 185.7441
66.8571 	 20.2236 	 19.2618 	 186.5235 	 96.0019 	 185.6939
67.7143 	 20.2916 	 19.3269 	 186.4576 	 95.9481 	 185.6425
68.5714 	 20.3586 	 19.3913 	 186.3900 	 95.8940 	 185.6500
69.4286 	 20.4245 	 19.4543 	 186.3226 	 95.8393 	 185.5978
70.2857 	 20.4895 	 19.5169 	 186.2558 	 95.7851 	 185.5460
71.1429 	 20.5534 	 19.5783 	 186.1909 	 95.7309 	 185.4377
72.0000 	 20.6168 	 19.6391 	 186.1255 	 95.6774 	 185.3865
72.8571 	 20.6791 	 19.6994 	 186.0604 	 95.6242 	 185.3358
73.7143 	 20.7399 	 19.7583 	 185.9933 	 95.5690 	 185.3374
74.5714 	 20.7998 	 19.8157 	 185.9298 	 95.5156 	 185.2864
75.4286 	 20.8589 	 19.8725 	 185.8688 	 95.4638 	 185.2370
76.2857 	 20.9167 	 19.9280 	 185.8067 	 95.4107 	 185.1348
77.1429 	 20.9735 	 19.9832 	 185.7454 	 95.3581 	 185.0848
78.0000 	 21.0295 	 20.0377 	 185.6867 	 95.3067 	 185.0360
78.8571 	 21.0846 	 20.0914 	 185.6289 	 95.2560 	 184.9878
79.7143 	 21.1386 	 20.1442 	 185.5727 	 95.2064 	 184.9896
80.5714 	 21.1917 	 20.1960 	 185.5170 	 95.1570 	 184.9426
81.4286 	 21.2439 	 20.2470 	 185.4597 	 95.1063 	 184.8945
82.2857 	 21.2952 	 20.2971 	 185.4084 	 95.0585 	 184.8491
83.1429 	 21.3455 	 20.3462 	 185.3538 	 95.0086 	 184.7554
84.0000 	 21.3949 	 20.3942 	 185.3022 	 94.9607 	 184.7099
84.8571 	 21.4436 	 20.4421 	 185.2510 	 94.9130 	 184.6647
85.7143 	 21.4912 	 20.4888 	 185.2002 	 94.8651 	 184.6192
86.5714 	 21.5383 	 20.5350 	 185.1501 	 94.8179 	 184.5744
87.4286 	 21.5846 	 20.5805 	 185.1009 	 94.7716 	 184.5304
88.2857 	 21.6301 	 20.6253 	 185.0517 	 94.7253 	 184.4865
89.1429 	 21.6750 	 20.6695 	 185.0032 	 94.6796 	 184.4868
90.0000 	 21.7195 	 20.7132 	 184.9555 	 94.6349 	 184.4443
90.8571 	 21.7637 	 20.7567 	 184.9089 	 94.5913 	 184.4029
91.7143 	 21.8076 	 20.7999 	 184.8623 	 94.5477 	 184.3616
92.5714 	 21.8511 	 20.8426 	 184.8162 	 94.5045 	 184.3205
93.4286 	 21.8942 	 20.8851 	 184.7711 	 94.4619 	 184.2802
94.2857 	 21.9368 	 20.9271 	 184.7263 	 94.4197 	 184.2401
95.1429 	 21.9792 	 20.9688 	 184.6829 	 94.3792 	 184.1605
96.0000 	 22.0213 	 21.0102 	 184.6404 	 94.3398 	 184.1231
96.8571 	 22.0631 	 21.0515 	 184.5977 	 94.3006 	 184.0860
97.7143 	 22.1044 	 21.0922 	 184.5563 	 94.2624 	 184.0496
98.5714 	 22.1454 	 21.1326 	 184.5150 	 94.2250 	 184.0141
99.4286 	 22.1860 	 21.1725 	 184.4742 	 94.1881 	 183.9791
100.2857 	 22.2262 	 21.2118 	 184.4349 	 94.1527 	 183.9454
101.1429 	 22.2661 	 21.2509 	 184.3958 	 94.1179 	 183.9508
102.0000 	 22.3055 	 21.2893 	 184.3575 	 94.0841 	 183.9187
102.8571 	 22.3444 	 21.3273 	 184.3197 	 94.0509 	 183.8871
103.7143 	 22.3828 	 21.3647 	 184.2821 	 94.0180 	 183.8557
104.5714 	 22.4208 	 21.4015 	 184.2452 	 93.9852 	 183.8245
105.4286 	 22.4582 	 21.4377 	 184.2088 	 93.9533 	 183.7940
106.2857 	 22.4953 	 21.4735 	 184.1733 	 93.9221 	 183.7284
107.1429 	 22.5319 	 21.5088 	 184.1385 	 93.8915 	 183.6992
108.0000 	 22.5680 	 21.5437 	 184.1044 	 93.8616 	 183.6707
108.8571 	 22.6036 	 21.5782 	 184.0707 	 93.8320 	 183.6425
109.7143 	 22.6386 	 21.6121 	 184.0375 	 93.8028 	 183.6147
110.5714 	 22.6732 	 21.6457 	 184.0049 	 93.7742 	 183.5874
111.4286 	 22.7073 	 21.6789 	 183.9726 	 93.7459 	 183.5604
112.2857 	 22.7414 	 21.7112 	 183.9427 	 93.7195 	 183.5683
113.1429 	 22.7752 	 21.7448 	 183.9116 	 93.6934 	 183.5436
114.0000 	 22.8078 	 21.7766 	 183.8804 	 93.6663 	 183.5178
114.8571 	 22.8401 	 21.8084 	 183.8502 	 93.6405 	 183.4932
115.7143 	 22.8719 	 21.8396 	 183.8199 	 93.6143 	 183.4683
116.5714 	 22.9032 	 21.8704 	 183.7908 	 93.5891 	 183.4444
117.4286 	 22.9343 	 21.9006 	 183.7617 	 93.5643 	 183.4208
118.2857 	 22.9648 	 21.9306 	 183.7330 	 93.5399 	 183.3670
119.1429 	 22.9950 	 21.9602 	 183.7019 	 93.5144 	 183.3428
120.0000 	 23.0248 	 21.9895 	 183.6754 	 93.4917 	 183.3212
120.8571 	 23.0542 	 22.0183 	 183.6470 	 93.4679 	 183.2985
121.7143 	 23.0832 	 22.0466 	 183.6208 	 93.4453 	 183.2770
122.5714 	 23.1117 	 22.0745 	 183.5939 	 93.4223 	 183.2551
123.4286 	 23.1399 	 22.1018 	 183.5665 	 93.3992 	 183.2331
124.2857 	 23.1677 	 22.1289 	 183.5420 	 93.3777 	 183.2405
125.1429 	 23.1950 	 22.1555 	 183.5170 	 93.3558 	 183.2196
126.0000 	 23.2219 	 22.1816 	 183.4931 	 93.3344 	 183.1992
126.8571 	 23.2484 	 22.2073 	 183.4695 	 93.3131 	 183.1789
127.7143 	 23.2745 	 22.2327 	 183.4464 	 93.2919 	 183.1587
128.5714 	 23.3001 	 22.2575 	 183.4236 	 93.2708 	 183.1386
129.4286 	 23.3253 	 22.2821 	 183.4016 	 93.2502 	 183.1190
130.2857 	 23.3501 	 22.3062 	 183.3796 	 93.2297 	 183.0993
131.1429 	 23.3745 	 22.3300 	 183.3582 	 93.2094 	 183.0800
132.0000 	 23.3986 	 22.3535 	 183.3369 	 93.1891 	 183.0607
132.8571 	 23.4223 	 22.3766 	 183.3157 	 93.1689 	 183.0415
133.7143 	 23.4457 	 22.3995 	 183.2949 	 93.1490 	 183.0225
134.5714 	 23.4688 	 22.4221 	 183.2742 	 93.1291 	 183.0036
135.4286 	 23.4916 	 22.4444 	 183.2536 	 93.1093 	 182.9594
136.2857 	 23.5141 	 22.4664 	 183.2332 	 93.0897 	 182.9408
137.1429 	 23.5362 	 22.4881 	 183.2130 	 93.0703 	 182.9223
138.0000 	 23.5581 	 22.5094 	 183.1948 	 93.0523 	 182.9052
138.8571 	 23.5795 	 22.5303 	 183.1733 	 93.0318 	 182.8856
139.7143 	 23.6008 	 22.5509 	 183.1568 	 93.0149 	 182.8695
140.5714 	 23.6219 	 22.5716 	 183.1353 	 92.9948 	 182.8503
141.4286 	 23.6426 	 22.5919 	 183.1172 	 92.9767 	 182.8331
142.2857 	 23.6633 	 22.6122 	 183.0975 	 92.9579 	 182.8152
143.1429 	 23.6837 	 22.6322 	 183.0789 	 92.9398 	 182.7979
144.0000 	 23.7039 	 22.6520 	 183.0599 	 92.9215 	 182.7805
144.8571 	 23.7239 	 22.6716 	 183.0414 	 92.9036 	 182.7634
145.7143 	 23.7436 	 22.6910 	 183.0228 	 92.8857 	 182.7464
146.5714 	 23.7632 	 22.7102 	 183.0065 	 92.8690 	 182.7305
147.4286 	 23.7824 	 22.7293 	 182.9867 	 92.8504 	 182.7128
148.2857 	 23.8013 	 22.7478 	 182.9694 	 92.8332 	 182.6964
149.1429 	 23.8203 	 22.7665 	 182.9510 	 92.8159 	 182.6799
150.0000 	 23.8391 	 22.7848 	 182.9336 	 92.7990 	 182.6638
150.8571 	 23.8577 	 22.8031 	 182.9159 	 92.7820 	 182.6476
151.7143 	 23.8760 	 22.8211 	 182.8990 	 92.7655 	 182.6319
152.5714 	 23.8942 	 22.8390 	 182.8816 	 92.7488 	 182.6160
153.4286 	 23.9122 	 22.8567 	 182.8648 	 92.7326 	 182.6005
154.2857 	 23.9301 	 22.8743 	 182.8479 	 92.7164 	 182.6077
155.1429 	 23.9478 	 22.8917 	 182.8313 	 92.7004 	 182.5925
156.0000 	 23.9653 	 22.9090 	 182.8148 	 92.6845 	 182.5773
156.8571 	 23.9826 	 22.9260 	 182.7985 	 92.6687 	 182.5622
157.7143 	 23.9998 	 22.9429 	 182.7824 	 92.6532 	 182.5475
158.5714 	 24.0169 	 22.9598 	 182.7662 	 92.6377 	 182.5327
159.4286 	 24.0338 	 22.9765 	 182.7504 	 92.6223 	 182.5180
160.2857 	 24.0504 	 22.9929 	 182.7345 	 92.6070 	 182.5034
161.1429 	 24.0670 	 23.0092 	 182.7191 	 92.5920 	 182.4892
162.0000 	 24.0835 	 23.0255 	 182.7035 	 92.5771 	 182.4749
162.8571 	 24.0998 	 23.0415 	 182.6884 	 92.5624 	 182.4610
163.7143 	 24.1157 	 23.0572 	 182.6732 	 92.5475 	 182.4468
164.5714 	 24.1317 	 23.0731 	 182.6590 	 92.5338 	 182.4337
165.4286 	 24.1476 	 23.0887 	 182.6444 	 92.5197 	 182.4203
166.2857 	 24.1633 	 23.1041 	 182.6301 	 92.5059 	 182.4071
167.1429 	 24.1788 	 23.1195 	 182.6161 	 92.4925 	 182.3943
168.0000 	 24.1943 	 23.1347 	 182.6021 	 92.4791 	 182.3816
168.8571 	 24.2095 	 23.1498 	 182.5882 	 92.4658 	 182.3689
169.7143 	 24.2246 	 23.1647 	 182.5747 	 92.4528 	 182.3565
170.5714 	 24.2396 	 23.1795 	 182.5612 	 92.4400 	 182.3443
171.4286 	 24.2545 	 23.1942 	 182.5480 	 92.4273 	 182.3322
172.2857 	 24.2692 	 23.2088 	 182.6076 	 92.4876 	 182.3900
173.1429 	 24.2837 	 23.2231 	 182.5926 	 92.4731 	 182.3761
174.0000 	 24.2981 	 23.2373 	 182.5776 	 92.4586 	 182.3623
174.8571 	 24.3123 	 23.2513 	 182.5632 	 92.4447 	 182.3490
175.7143 	 24.3265 	 23.2653 	 182.5486 	 92.4308 	 182.3357
176.5714 	 24.3405 	 23.2791 	 182.5343 	 92.4171 	 182.3227
177.4286 	 24.3544 	 23.2928 	 182.5202 	 92.4037 	 182.3099
178.2857 	 24.3682 	 23.3064 	 182.5062 	 92.3904 	 182.2772
179.1429 	 24.3818 	 23.3198 	 182.4924 	 92.3773 	 182.2648
180.0000 	 24.3955 	 23.3335 	 182.4779 	 92.3640 	 182.2521
180.8571 	 24.4089 	 23.3466 	 182.4646 	 92.3513 	 182.2399
181.7143 	 24.4222 	 23.3597 	 182.4509 	 92.3386 	 182.2279
182.5714 	 24.4353 	 23.3725 	 182.4382 	 92.3265 	 182.2163
183.4286 	 24.4483 	 23.3853 	 182.4253 	 92.3144 	 182.2048
184.2857 	 24.4611 	 23.3978 	 182.4129 	 92.3026 	 182.1935
185.1429 	 24.4739 	 23.4103 	 182.4006 	 92.2910 	 182.1824
186.0000 	 24.4865 	 23.4226 	 182.3884 	 92.2795 	 182.1715
186.8571 	 24.4990 	 23.4348 	 182.3765 	 92.2683 	 182.1607
187.7143 	 24.5113 	 23.4469 	 182.3644 	 92.2570 	 182.1500
188.5714 	 24.5236 	 23.4588 	 182.3529 	 92.2461 	 182.1396
189.4286 	 24.5357 	 23.4707 	 182.3415 	 92.2354 	 182.1293
190.2857 	 24.5476 	 23.4823 	 182.3303 	 92.2248 	 182.1192
191.1429 	 24.5595 	 23.4939 	 182.3193 	 92.2144 	 182.1092
192.0000 	 24.5712 	 23.5053 	 182.3084 	 92.2041 	 182.0994
192.8571 	 24.5828 	 23.5166 	 182.2977 	 92.1939 	 182.0897
193.7143 	 24.5942 	 23.5278 	 182.2872 	 92.1839 	 182.0801
194.5714 	 24.6056 	 23.5389 	 182.2767 	 92.1739 	 182.0706
195.4286 	 24.6168 	 23.5499 	 182.2662 	 92.1640 	 182.0611
196.2857 	 24.6278 	 23.5607 	 182.2557 	 92.1539 	 182.0515
197.1429 	 24.6388 	 23.5714 	 182.2454 	 92.1441 	 182.0422
198.0000 	 24.6497 	 23.5821 	 182.2353 	 92.1346 	 182.0330
198.8571 	 24.6604 	 23.5926 	 182.2252 	 92.1248 	 182.0238
199.7143 	 24.6710 	 23.6030 	 182.2154 	 92.1155 	 182.0149
200.5714 	 24.6815 	 23.6134 	 182.2057 	 92.1062 	 182.0060
201.4286 	 24.6919 	 23.6236 	 182.1962 	 92.0971 	 181.9973
202.2857 	 24.7021 	 23.6337 	 182.1867 	 92.0881 	 182.0060
203.1429 	 24.7123 	 23.6438 	 182.1774 	 92.0792 	 181.9975
204.0000 	 24.7223 	 23.6537 	 182.1681 	 92.0704 	 181.9892
204.8571 	 24.7322 	 23.6636 	 182.1590 	 92.0618 	 181.9809
205.7143 	 24.7421 	 23.6734 	 182.1500 	 92.0533 	 181.9728
206.5714 	 24.7518 	 23.6830 	 182.1411 	 92.0448 	 181.9647
207.4286 	 24.7615 	 23.6926 	 182.1323 	 92.0365 	 181.9568
208.2857 	 24.7710 	 23.7021 	 182.1236 	 92.0283 	 181.9490
209.1429 	 24.7805 	 23.7116 	 182.1149 	 92.0201 	 181.9412
210.0000 	 24.7898 	 23.7208 	 182.1066 	 92.0122 	 181.9336
210.8571 	 24.7991 	 23.7301 	 182.0980 	 92.0042 	 181.9260
211.7143 	 24.8083 	 23.7392 	 182.0877 	 91.9955 	 181.9177
212.5714 	 24.8174 	 23.7483 	 182.0803 	 91.9884 	 181.9110
213.4286 	 24.8265 	 23.7573 	 182.0716 	 91.9805 	 181.9034
214.2857 	 24.8353 	 23.7662 	 182.0637 	 91.9731 	 181.8963
215.1429 	 24.8442 	 23.7750 	 182.0554 	 91.9656 	 181.8892
216.0000 	 24.8529 	 23.7837 	 182.0475 	 91.9583 	 181.8822
216.8571 	 24.8616 	 23.7923 	 182.0396 	 91.9510 	 181.8753
217.7143 	 24.8701 	 23.8008 	 182.0318 	 91.9438 	 181.8684
218.5714 	 24.8786 	 23.8092 	 182.0240 	 91.9367 	 181.8616
219.4286 	 24.8870 	 23.8176 	 182.0163 	 91.9297 	 181.8549
220.2857 	 24.8954 	 23.8258 	 182.0067 	 91.9218 	 181.8474
221.1429 	 24.9036 	 23.8341 	 182.0001 	 91.9156 	 181.8415
222.0000 	 24.9119 	 23.8423 	 181.9920 	 91.9084 	 181.8346
222.8571 	 24.9200 	 23.8503 	 181.9849 	 91.9019 	 181.8284
223.7143 	 24.9280 	 23.8582 	 181.9774 	 91.8951 	 181.8220
224.5714 	 24.9359 	 23.8661 	 181.9702 	 91.8886 	 181.8157
225.4286 	 24.9438 	 23.8739 	 181.9630 	 91.8821 	 181.8095
226.2857 	 24.9516 	 23.8816 	 181.9559 	 91.8756 	 181.8034
227.1429 	 24.9593 	 23.8892 	 181.9489 	 91.8693 	 181.7973
228.0000 	 24.9670 	 23.8968 	 181.9420 	 91.8630 	 181.7913
228.8571 	 24.9746 	 23.9042 	 181.9351 	 91.8567 	 181.7853
229.7143 	 24.9821 	 23.9116 	 181.9284 	 91.8506 	 181.7794
230.5714 	 24.9895 	 23.9189 	 181.9217 	 91.8444 	 181.7736
231.4286 	 24.9969 	 23.9262 	 181.9151 	 91.8384 	 181.7532
232.2857 	 25.0042 	 23.9334 	 181.9086 	 91.8324 	 181.7474
233.1429 	 25.0114 	 23.9405 	 181.9021 	 91.8265 	 181.7418
234.0000 	 25.0185 	 23.9475 	 181.8957 	 91.8207 	 181.7362
234.8571 	 25.0256 	 23.9545 	 181.8894 	 91.8149 	 181.7307
235.7143 	 25.0326 	 23.9614 	 181.8832 	 91.8091 	 181.7252
236.5714 	 25.0396 	 23.9682 	 181.8771 	 91.8035 	 181.7198
237.4286 	 25.0464 	 23.9749 	 181.8710 	 91.7979 	 181.7144
238.2857 	 25.0532 	 23.9816 	 181.8650 	 91.7923 	 181.7091
239.1429 	 25.0600 	 23.9882 	 181.8590 	 91.7868 	 181.7039
240.0000 	 25.0667 	 23.9948 	 181.8532 	 91.7814 	 181.6987
240.8571 	 25.0733 	 24.0013 	 181.8474 	 91.7760 	 181.6936
241.7143 	 25.0798 	 24.0076 	 181.8416 	 91.7707 	 181.6885
242.5714 	 25.0863 	 24.0140 	 181.8360 	 91.7655 	 181.6835
243.4286 	 25.0927 	 24.0203 	 181.8304 	 91.7603 	 181.6786
244.2857 	 25.0990 	 24.0265 	 181.8249 	 91.7552 	 181.6737
245.1429 	 25.1053 	 24.0327 	 181.8194 	 91.7501 	 181.6688
246.0000 	 25.1116 	 24.0388 	 181.8140 	 91.7451 	 181.6640
246.8571 	 25.1178 	 24.0448 	 181.8093 	 91.7406 	 181.6597
247.7143 	 25.1239 	 24.0508 	 181.8037 	 91.7354 	 181.6547
248.5714 	 25.1299 	 24.0567 	 181.7986 	 91.7306 	 181.6502
249.4286 	 25.1360 	 24.0626 	 181.7933 	 91.7257 	 181.6455
250.2857 	 25.1419 	 24.0684 	 181.7883 	 91.7210 	 181.6410
251.1429 	 25.1478 	 24.0741 	 181.7838 	 91.7166 	 181.6368
252.0000 	 25.1537 	 24.0798 	 181.7784 	 91.7117 	 181.6321
252.8571 	 25.1594 	 24.0854 	 181.7736 	 91.7071 	 181.6277
253.7143 	 25.1652 	 24.0911 	 181.7683 	 91.7023 	 181.6231
