time 	 DTRot 	 PhaPC 	 PhaPHPC	T1Rot 	 T2Rot 	 T3Rot 	 T4Rot 	 T5Rot 	 TmoyRot
0.8571 	 4.6661 	 137.7500 	 -54.2173 	   29.4382 	 31.8202 	 31.5603 	 28.5145 	 27.6179 	 29.7902
1.7143 	 4.3219 	 126.2500 	 -65.7193 	   31.6975 	 33.4180 	 32.8162 	 30.1825 	 29.3933 	 31.5015
2.5714 	 4.8342 	 135.0000 	 -56.8609 	   33.4601 	 35.5460 	 35.1729 	 32.0811 	 31.1593 	 33.4839
3.4286 	 4.9306 	 132.0000 	 -58.7319 	   34.9921 	 37.0715 	 36.5856 	 33.5178 	 32.5410 	 34.9416
4.2857 	 4.9751 	 135.5000 	 -54.7096 	   36.1409 	 38.2249 	 37.8705 	 34.7216 	 33.7007 	 36.1317
5.1429 	 4.9972 	 136.0000 	 -54.0950 	   37.0804 	 39.2152 	 38.8871 	 35.7484 	 34.6651 	 37.1192
6.0000 	 4.9704 	 138.2500 	 -51.7052 	   37.8663 	 39.9978 	 39.7604 	 36.6387 	 35.4915 	 37.9510
6.8571 	 4.9531 	 139.7500 	 -50.2170 	   38.5318 	 40.6978 	 40.5242 	 37.4279 	 36.2133 	 38.6790
7.7143 	 4.9197 	 141.2500 	 -48.8144 	   39.1030 	 41.2857 	 41.1827 	 38.1266 	 36.8378 	 39.3072
8.5714 	 4.9071 	 142.7500 	 -47.4336 	   39.6132 	 41.8229 	 41.7830 	 38.7536 	 37.3978 	 39.8741
9.4286 	 4.8892 	 144.0000 	 -46.2281 	   40.0650 	 42.2978 	 42.3111 	 39.3175 	 37.8951 	 40.3773
10.2857 	 4.8821 	 145.2500 	 -44.8001 	   40.4790 	 42.7344 	 42.7977 	 39.8299 	 38.3473 	 40.8377
11.1429 	 4.8823 	 146.0000 	 -44.0275 	   40.8592 	 43.1393 	 43.2449 	 40.2976 	 38.7606 	 41.2603
12.0000 	 4.8899 	 147.0000 	 -43.0066 	   41.2129 	 43.5185 	 43.6615 	 40.7273 	 39.1416 	 41.6524
12.8571 	 4.9065 	 147.7500 	 -42.3884 	   41.5452 	 43.8780 	 44.0525 	 41.1242 	 39.4936 	 42.0187
13.7143 	 4.9315 	 148.2500 	 -41.8371 	   41.8604 	 44.2206 	 44.4228 	 41.4932 	 39.8211 	 42.3636
14.5714 	 4.9605 	 148.7500 	 -41.2798 	   42.1604 	 44.5471 	 44.7735 	 41.8393 	 40.1287 	 42.6898
15.4286 	 4.9931 	 149.2500 	 -40.5754 	   42.4465 	 44.8598 	 45.1069 	 42.1653 	 40.4183 	 42.9993
16.2857 	 5.0289 	 149.5000 	 -40.4351 	   42.7215 	 45.1616 	 45.4253 	 42.4735 	 40.6926 	 43.2949
17.1429 	 5.0683 	 149.7500 	 -40.0089 	   42.9869 	 45.4544 	 45.7319 	 42.7665 	 40.9538 	 43.5787
18.0000 	 5.1107 	 150.0000 	 -39.7338 	   43.2450 	 45.7402 	 46.0290 	 43.0475 	 41.2042 	 43.8532
18.8571 	 5.1518 	 150.0000 	 -39.8283 	   43.4953 	 46.0165 	 46.3143 	 43.3169 	 41.4456 	 44.1177
19.7143 	 5.1932 	 150.2500 	 -39.3814 	   43.7390 	 46.2855 	 46.5901 	 43.5758 	 41.6783 	 44.3738
20.5714 	 5.2351 	 150.2500 	 -39.4651 	   43.9770 	 46.5483 	 46.8579 	 43.8256 	 41.9036 	 44.6225
21.4286 	 5.2782 	 150.2500 	 -39.2733 	   44.2106 	 46.8065 	 47.1190 	 44.0669 	 42.1223 	 44.8651
22.2857 	 5.3204 	 150.2500 	 -39.3368 	   44.4395 	 47.0584 	 47.3726 	 44.3007 	 42.3352 	 45.1013
23.1429 	 5.3623 	 150.2500 	 -39.1232 	   44.6636 	 47.3050 	 47.6198 	 44.5274 	 42.5425 	 45.3317
24.0000 	 5.4039 	 150.0000 	 -39.4087 	   44.8835 	 47.5468 	 47.8608 	 44.7476 	 42.7445 	 45.5566
24.8571 	 5.4452 	 150.0000 	 -39.1859 	   45.0997 	 47.7838 	 48.0958 	 44.9617 	 42.9416 	 45.7765
25.7143 	 5.4864 	 149.7500 	 -39.3403 	   45.3121 	 48.0168 	 48.3256 	 45.1698 	 43.1341 	 45.9917
26.5714 	 5.5284 	 149.7500 	 -39.3659 	   45.5215 	 48.2468 	 48.5510 	 45.3725 	 43.3223 	 46.2028
27.4286 	 5.5705 	 149.5000 	 -39.3923 	   45.7277 	 48.4730 	 48.7722 	 45.5701 	 43.5066 	 46.4099
28.2857 	 5.6122 	 149.2500 	 -39.6574 	   45.9301 	 48.6952 	 48.9890 	 45.7629 	 43.6872 	 46.6129
29.1429 	 5.6536 	 149.2500 	 -39.4397 	   46.1292 	 48.9138 	 49.2017 	 45.9516 	 43.8643 	 46.8121
30.0000 	 5.6946 	 149.0000 	 -39.7083 	   46.3255 	 49.1290 	 49.4105 	 46.1365 	 44.0382 	 47.0080
30.8571 	 5.7360 	 148.7500 	 -39.7578 	   46.5193 	 49.3418 	 49.6166 	 46.3181 	 44.2091 	 47.2010
31.7143 	 5.7773 	 148.7500 	 -39.7815 	   46.7108 	 49.5521 	 49.8197 	 46.4970 	 44.3775 	 47.3914
32.5714 	 5.8190 	 148.5000 	 -39.9506 	   46.8993 	 49.7595 	 50.0204 	 46.6735 	 44.5430 	 47.5791
33.4286 	 5.8600 	 148.2500 	 -40.0154 	   47.0854 	 49.9641 	 50.2179 	 46.8477 	 44.7061 	 47.7643
34.2857 	 5.9002 	 148.0000 	 -40.2960 	   47.2691 	 50.1662 	 50.4128 	 47.0196 	 44.8675 	 47.9471
35.1429 	 5.9128 	 148.2500 	 -39.9600 	   47.3746 	 50.2847 	 50.5486 	 47.1626 	 44.9834 	 48.0708
36.0000 	 5.9641 	 147.7500 	 -40.3537 	   47.5595 	 50.4964 	 50.7361 	 47.3202 	 45.1338 	 48.2492
36.8571 	 6.0157 	 147.7500 	 -40.2801 	   47.7787 	 50.7282 	 50.9564 	 47.5005 	 45.3125 	 48.4553
37.7143 	 6.0275 	 148.0000 	 -40.0273 	   47.8728 	 50.8382 	 51.0842 	 47.6384 	 45.4219 	 48.5711
38.5714 	 6.0793 	 147.2500 	 -40.7712 	   48.0684 	 51.0583 	 51.2743 	 47.7957 	 45.5764 	 48.7546
39.4286 	 6.1034 	 147.5000 	 -40.5024 	   48.2043 	 51.2012 	 51.4336 	 47.9447 	 45.7077 	 48.8983
40.2857 	 6.1506 	 147.0000 	 -40.7993 	   48.3803 	 51.4061 	 51.6095 	 48.0965 	 45.8525 	 49.0690
41.1429 	 6.1804 	 147.0000 	 -40.8565 	   48.5316 	 51.5643 	 51.7759 	 48.2460 	 45.9888 	 49.2213
42.0000 	 6.2252 	 146.5000 	 -41.2613 	   48.6977 	 51.7579 	 51.9460 	 48.3944 	 46.1286 	 49.3849
42.8571 	 6.2580 	 146.5000 	 -41.1129 	   48.8537 	 51.9239 	 52.1123 	 48.5417 	 46.2645 	 49.5392
43.7143 	 6.3008 	 146.0000 	 -41.6135 	   49.0149 	 52.1088 	 52.2786 	 48.6872 	 46.4011 	 49.6981
44.5714 	 6.3354 	 146.0000 	 -41.5449 	   49.1712 	 52.2782 	 52.4424 	 48.8316 	 46.5353 	 49.8517
45.4286 	 6.3758 	 145.5000 	 -41.8707 	   49.3287 	 52.4561 	 52.6056 	 48.9741 	 46.6693 	 50.0068
46.2857 	 6.4115 	 145.5000 	 -41.7967 	   49.4827 	 52.6249 	 52.7661 	 49.1151 	 46.8007 	 50.1579
47.1429 	 6.4502 	 145.0000 	 -42.2938 	   49.6368 	 52.7972 	 52.9253 	 49.2542 	 46.9315 	 50.3090
48.0000 	 6.4851 	 145.0000 	 -42.2172 	   49.7881 	 52.9639 	 53.0822 	 49.3916 	 47.0610 	 50.4574
48.8571 	 6.5224 	 144.7500 	 -42.3011 	   49.9388 	 53.1315 	 53.2377 	 49.5275 	 47.1890 	 50.6049
49.7143 	 6.5576 	 144.5000 	 -42.4715 	   50.0872 	 53.2952 	 53.3909 	 49.6616 	 47.3151 	 50.7500
50.5714 	 6.5935 	 144.2500 	 -42.7173 	   50.2345 	 53.4584 	 53.5426 	 49.7940 	 47.4402 	 50.8939
51.4286 	 6.6285 	 144.0000 	 -42.8864 	   50.3795 	 53.6190 	 53.6929 	 49.9248 	 47.5637 	 51.0360
52.2857 	 6.6635 	 143.7500 	 -42.9790 	   50.5233 	 53.7785 	 53.8410 	 50.0542 	 47.6862 	 51.1766
53.1429 	 6.6981 	 143.5000 	 -43.1503 	   50.6654 	 53.9361 	 53.9877 	 50.1820 	 47.8071 	 51.3157
54.0000 	 6.7327 	 143.2500 	 -43.3234 	   50.8060 	 54.0922 	 54.1328 	 50.3086 	 47.9266 	 51.4532
54.8571 	 6.7667 	 143.0000 	 -43.5725 	   50.9453 	 54.2469 	 54.2763 	 50.4341 	 48.0451 	 51.5895
55.7143 	 6.8006 	 143.0000 	 -43.5013 	   51.0829 	 54.4000 	 54.4185 	 50.5585 	 48.1623 	 51.7244
56.5714 	 6.8339 	 142.7500 	 -43.6098 	   51.2191 	 54.5513 	 54.5593 	 50.6818 	 48.2784 	 51.8580
57.4286 	 6.8670 	 142.5000 	 -43.7933 	   51.3538 	 54.7015 	 54.6990 	 50.8040 	 48.3938 	 51.9904
58.2857 	 6.8999 	 142.2500 	 -43.9781 	   51.4873 	 54.8501 	 54.8374 	 50.9250 	 48.5078 	 52.1215
59.1429 	 6.9325 	 142.0000 	 -44.2357 	   51.6194 	 54.9976 	 54.9746 	 51.0449 	 48.6213 	 52.2516
60.0000 	 6.9650 	 142.0000 	 -44.1769 	   51.7502 	 55.1440 	 55.1106 	 51.1636 	 48.7334 	 52.3803
60.8571 	 6.9975 	 141.7500 	 -44.3708 	   51.8798 	 55.2891 	 55.2452 	 51.2812 	 48.8443 	 52.5079
61.7143 	 7.0301 	 141.5000 	 -44.5002 	   52.0082 	 55.4330 	 55.3788 	 51.3977 	 48.9540 	 52.6343
62.5714 	 7.0622 	 141.2500 	 -44.6966 	   52.1353 	 55.5754 	 55.5109 	 51.5131 	 49.0626 	 52.7595
63.4286 	 7.0946 	 141.2500 	 -44.6441 	   52.2610 	 55.7168 	 55.6420 	 51.6274 	 49.1701 	 52.8835
64.2857 	 7.1264 	 141.0000 	 -44.9068 	   52.3854 	 55.8564 	 55.7717 	 51.7406 	 49.2767 	 53.0062
65.1429 	 7.1581 	 140.7500 	 -45.1062 	   52.5085 	 55.9949 	 55.9003 	 51.8526 	 49.3821 	 53.1277
66.0000 	 7.1897 	 140.7500 	 -44.9941 	   52.6303 	 56.1318 	 56.0274 	 51.9633 	 49.4861 	 53.2478
66.8571 	 7.2212 	 140.5000 	 -45.1939 	   52.7510 	 56.2674 	 56.1533 	 52.0724 	 49.5890 	 53.3666
67.7143 	 7.2518 	 140.2500 	 -45.3925 	   52.8705 	 56.4017 	 56.2774 	 52.1806 	 49.6913 	 53.4843
68.5714 	 7.2824 	 140.2500 	 -45.4000 	   52.9890 	 56.5345 	 56.4007 	 52.2871 	 49.7922 	 53.6007
69.4286 	 7.3123 	 140.0000 	 -45.5978 	   53.1060 	 56.6658 	 56.5220 	 52.3930 	 49.8921 	 53.7158
70.2857 	 7.3422 	 140.0000 	 -45.5460 	   53.2217 	 56.7953 	 56.6427 	 52.4973 	 49.9907 	 53.8295
71.1429 	 7.3713 	 139.7500 	 -45.6877 	   53.3359 	 56.9236 	 56.7614 	 52.6006 	 50.0886 	 53.9420
72.0000 	 7.4002 	 139.7500 	 -45.6365 	   53.4491 	 57.0503 	 56.8794 	 52.7029 	 50.1854 	 54.0534
72.8571 	 7.4294 	 139.5000 	 -45.8358 	   53.5609 	 57.1759 	 56.9960 	 52.8035 	 50.2807 	 54.1634
73.7143 	 7.4580 	 139.5000 	 -45.8374 	   53.6717 	 57.3000 	 57.1110 	 52.9033 	 50.3750 	 54.2722
74.5714 	 7.4861 	 139.2500 	 -46.0364 	   53.7811 	 57.4224 	 57.2250 	 53.0021 	 50.4683 	 54.3798
75.4286 	 7.5138 	 139.2500 	 -45.9870 	   53.8890 	 57.5431 	 57.3376 	 53.0995 	 50.5604 	 54.4859
76.2857 	 7.5409 	 139.0000 	 -46.1348 	   53.9957 	 57.6624 	 57.4485 	 53.1960 	 50.6516 	 54.5908
77.1429 	 7.5675 	 139.0000 	 -46.0848 	   54.1010 	 57.7802 	 57.5586 	 53.2914 	 50.7420 	 54.6947
78.0000 	 7.5940 	 138.7500 	 -46.2860 	   54.2051 	 57.8965 	 57.6674 	 53.3859 	 50.8310 	 54.7972
78.8571 	 7.6204 	 138.7500 	 -46.2378 	   54.3079 	 58.0116 	 57.7750 	 53.4793 	 50.9189 	 54.8985
79.7143 	 7.6463 	 138.7500 	 -46.2396 	   54.4095 	 58.1251 	 57.8813 	 53.5717 	 51.0058 	 54.9987
80.5714 	 7.6718 	 138.5000 	 -46.4426 	   54.5099 	 58.2373 	 57.9863 	 53.6632 	 51.0917 	 55.0977
81.4286 	 7.6971 	 138.5000 	 -46.3945 	   54.6092 	 58.3485 	 58.0904 	 53.7538 	 51.1767 	 55.1957
82.2857 	 7.7214 	 138.2500 	 -46.5991 	   54.7071 	 58.4576 	 58.1929 	 53.8436 	 51.2609 	 55.2924
83.1429 	 7.7461 	 138.2500 	 -46.5054 	   54.8041 	 58.5662 	 58.2955 	 53.9327 	 51.3442 	 55.3885
84.0000 	 7.7695 	 138.2500 	 -46.4599 	   54.8999 	 58.6730 	 58.3958 	 54.0211 	 51.4271 	 55.4834
84.8571 	 7.7932 	 138.0000 	 -46.6647 	   54.9947 	 58.7790 	 58.4954 	 54.1085 	 51.5087 	 55.5773
85.7143 	 7.8160 	 138.0000 	 -46.6192 	   55.0883 	 58.8834 	 58.5934 	 54.1953 	 51.5897 	 55.6700
86.5714 	 7.8389 	 138.0000 	 -46.5744 	   55.1809 	 58.9871 	 58.6906 	 54.2812 	 51.6697 	 55.7619
87.4286 	 7.8614 	 137.7500 	 -46.7804 	   55.2727 	 59.0898 	 58.7866 	 54.3663 	 51.7490 	 55.8529
88.2857 	 7.8835 	 137.7500 	 -46.7365 	   55.3636 	 59.1911 	 58.8812 	 54.4498 	 51.8276 	 55.9427
89.1429 	 7.9048 	 137.7500 	 -46.7368 	   55.4534 	 59.2912 	 58.9744 	 54.5330 	 51.9056 	 56.0315
90.0000 	 7.9259 	 137.5000 	 -46.9443 	   55.5422 	 59.3903 	 59.0671 	 54.6155 	 51.9828 	 56.1196
90.8571 	 7.9466 	 137.5000 	 -46.9029 	   55.6301 	 59.4889 	 59.1591 	 54.6972 	 52.0597 	 56.2070
91.7143 	 7.9674 	 137.5000 	 -46.8616 	   55.7173 	 59.5860 	 59.2503 	 54.7776 	 52.1355 	 56.2933
92.5714 	 7.9882 	 137.5000 	 -46.8205 	   55.8032 	 59.6824 	 59.3409 	 54.8579 	 52.2105 	 56.3790
93.4286 	 8.0089 	 137.2500 	 -47.0302 	   55.8886 	 59.7779 	 59.4303 	 54.9368 	 52.2848 	 56.4637
94.2857 	 8.0292 	 137.2500 	 -46.9901 	   55.9727 	 59.8721 	 59.5189 	 55.0155 	 52.3583 	 56.5475
95.1429 	 8.0498 	 137.2500 	 -46.9105 	   56.0564 	 59.9661 	 59.6069 	 55.0935 	 52.4311 	 56.6308
96.0000 	 8.0700 	 137.0000 	 -47.1231 	   56.1393 	 60.0587 	 59.6940 	 55.1709 	 52.5032 	 56.7132
96.8571 	 8.0904 	 137.0000 	 -47.0860 	   56.2211 	 60.1510 	 59.7806 	 55.2465 	 52.5746 	 56.7948
97.7143 	 8.1101 	 137.0000 	 -47.0496 	   56.3027 	 60.2417 	 59.8658 	 55.3224 	 52.6453 	 56.8756
98.5714 	 8.1300 	 137.0000 	 -47.0141 	   56.3827 	 60.3322 	 59.9506 	 55.3975 	 52.7154 	 56.9557
99.4286 	 8.1494 	 136.7500 	 -47.2291 	   56.4624 	 60.4216 	 60.0343 	 55.4721 	 52.7848 	 57.0350
100.2857 	 8.1687 	 136.7500 	 -47.1954 	   56.5409 	 60.5099 	 60.1171 	 55.5460 	 52.8534 	 57.1135
101.1429 	 8.1879 	 136.7500 	 -47.2008 	   56.6188 	 60.5975 	 60.1996 	 55.6193 	 52.9214 	 57.1913
102.0000 	 8.2069 	 136.7500 	 -47.1687 	   56.6956 	 60.6842 	 60.2811 	 55.6920 	 52.9887 	 57.2683
102.8571 	 8.2257 	 136.5000 	 -47.3871 	   56.7718 	 60.7700 	 60.3621 	 55.7641 	 53.0554 	 57.3447
103.7143 	 8.2445 	 136.5000 	 -47.3557 	   56.8467 	 60.8551 	 60.4422 	 55.8354 	 53.1215 	 57.4202
104.5714 	 8.2630 	 136.5000 	 -47.3245 	   56.9214 	 60.9394 	 60.5217 	 55.9061 	 53.1869 	 57.4951
105.4286 	 8.2813 	 136.5000 	 -47.2940 	   56.9952 	 61.0227 	 60.6004 	 55.9760 	 53.2518 	 57.5692
106.2857 	 8.2994 	 136.5000 	 -47.2284 	   57.0682 	 61.1052 	 60.6784 	 56.0457 	 53.3160 	 57.6427
107.1429 	 8.3173 	 136.2500 	 -47.4492 	   57.1404 	 61.1868 	 60.7556 	 56.1144 	 53.3796 	 57.7154
108.0000 	 8.3349 	 136.2500 	 -47.4207 	   57.2118 	 61.2675 	 60.8321 	 56.1824 	 53.4426 	 57.7873
108.8571 	 8.3523 	 136.2500 	 -47.3925 	   57.2824 	 61.3474 	 60.9077 	 56.2497 	 53.5049 	 57.8584
109.7143 	 8.3695 	 136.2500 	 -47.3647 	   57.3527 	 61.4263 	 60.9826 	 56.3163 	 53.5666 	 57.9289
110.5714 	 8.3865 	 136.2500 	 -47.3374 	   57.4217 	 61.5045 	 61.0568 	 56.3822 	 53.6278 	 57.9986
111.4286 	 8.4032 	 136.2500 	 -47.3104 	   57.4902 	 61.5820 	 61.1302 	 56.4474 	 53.6883 	 58.0676
112.2857 	 8.4191 	 136.0000 	 -47.5683 	   57.5580 	 61.6584 	 61.2028 	 56.5122 	 53.7487 	 58.1360
113.1429 	 8.4359 	 136.0000 	 -47.5436 	   57.6248 	 61.7342 	 61.2751 	 56.5762 	 53.8077 	 58.2036
114.0000 	 8.4518 	 136.0000 	 -47.5178 	   57.6910 	 61.8089 	 61.3462 	 56.6387 	 53.8665 	 58.2703
114.8571 	 8.4680 	 136.0000 	 -47.4932 	   57.7560 	 61.8830 	 61.4166 	 56.7011 	 53.9244 	 58.3362
115.7143 	 8.4836 	 136.0000 	 -47.4683 	   57.8212 	 61.9562 	 61.4862 	 56.7629 	 53.9818 	 58.4017
116.5714 	 8.4993 	 136.0000 	 -47.4444 	   57.8848 	 62.0285 	 61.5551 	 56.8241 	 54.0386 	 58.4662
117.4286 	 8.5147 	 136.0000 	 -47.4208 	   57.9482 	 62.1002 	 61.6234 	 56.8847 	 54.0947 	 58.5302
118.2857 	 8.5301 	 136.0000 	 -47.3670 	   58.0107 	 62.1711 	 61.6909 	 56.9446 	 54.1502 	 58.5935
119.1429 	 8.5453 	 135.7500 	 -47.5928 	   58.0731 	 62.2414 	 61.7581 	 57.0039 	 54.2051 	 58.6563
120.0000 	 8.5602 	 135.7500 	 -47.5712 	   58.1343 	 62.3104 	 61.8242 	 57.0627 	 54.2595 	 58.7182
120.8571 	 8.5751 	 135.7500 	 -47.5485 	   58.1951 	 62.3792 	 61.8898 	 57.1209 	 54.3132 	 58.7796
121.7143 	 8.5896 	 135.7500 	 -47.5270 	   58.2551 	 62.4466 	 61.9546 	 57.1785 	 54.3664 	 58.8402
122.5714 	 8.6041 	 135.7500 	 -47.5051 	   58.3145 	 62.5138 	 62.0188 	 57.2355 	 54.4190 	 58.9003
123.4286 	 8.6174 	 135.7500 	 -47.4831 	   58.3734 	 62.5799 	 62.0820 	 57.2920 	 54.4719 	 58.9598
124.2857 	 8.6314 	 135.7500 	 -47.4905 	   58.4314 	 62.6455 	 62.1450 	 57.3479 	 54.5235 	 59.0187
125.1429 	 8.6450 	 135.7500 	 -47.4696 	   58.4886 	 62.7101 	 62.2071 	 57.4034 	 54.5747 	 59.0768
126.0000 	 8.6585 	 135.7500 	 -47.4492 	   58.5453 	 62.7742 	 62.2687 	 57.4583 	 54.6252 	 59.1343
126.8571 	 8.6718 	 135.7500 	 -47.4289 	   58.6015 	 62.8374 	 62.3296 	 57.5127 	 54.6753 	 59.1913
127.7143 	 8.6850 	 135.5000 	 -47.6587 	   58.6567 	 62.8999 	 62.3899 	 57.5666 	 54.7248 	 59.2476
128.5714 	 8.6979 	 135.5000 	 -47.6386 	   58.7118 	 62.9618 	 62.4495 	 57.6201 	 54.7738 	 59.3034
129.4286 	 8.7108 	 135.5000 	 -47.6190 	   58.7657 	 63.0229 	 62.5086 	 57.6730 	 54.8223 	 59.3585
130.2857 	 8.7234 	 135.5000 	 -47.5993 	   58.8193 	 63.0835 	 62.5669 	 57.7255 	 54.8703 	 59.4131
131.1429 	 8.7358 	 135.5000 	 -47.5800 	   58.8724 	 63.1432 	 62.6247 	 57.7775 	 54.9178 	 59.4671
132.0000 	 8.7480 	 135.5000 	 -47.5607 	   58.9249 	 63.2024 	 62.6819 	 57.8290 	 54.9649 	 59.5206
132.8571 	 8.7600 	 135.5000 	 -47.5415 	   58.9767 	 63.2609 	 62.7384 	 57.8801 	 55.0115 	 59.5735
133.7143 	 8.7719 	 135.5000 	 -47.5225 	   59.0282 	 63.3188 	 62.7944 	 57.9308 	 55.0576 	 59.6260
134.5714 	 8.7836 	 135.5000 	 -47.5036 	   59.0788 	 63.3761 	 62.8498 	 57.9810 	 55.1033 	 59.6778
135.4286 	 8.7951 	 135.5000 	 -47.4594 	   59.1291 	 63.4328 	 62.9047 	 58.0307 	 55.1485 	 59.7292
136.2857 	 8.8065 	 135.5000 	 -47.4408 	   59.1787 	 63.4888 	 62.9590 	 58.0800 	 55.1934 	 59.7800
137.1429 	 8.8175 	 135.5000 	 -47.4223 	   59.2278 	 63.5443 	 63.0127 	 58.1290 	 55.2378 	 59.8303
138.0000 	 8.8285 	 135.5000 	 -47.4052 	   59.2760 	 63.5990 	 63.0659 	 58.1775 	 55.2817 	 59.8800
138.8571 	 8.8393 	 135.5000 	 -47.3856 	   59.3244 	 63.6534 	 63.1183 	 58.2255 	 55.3253 	 59.9294
139.7143 	 8.8497 	 135.2500 	 -47.6195 	   59.3716 	 63.7067 	 63.1704 	 58.2731 	 55.3684 	 59.9780
140.5714 	 8.8604 	 135.2500 	 -47.6003 	   59.4189 	 63.7602 	 63.2219 	 58.3203 	 55.4111 	 60.0265
141.4286 	 8.8705 	 135.2500 	 -47.5831 	   59.4653 	 63.8125 	 63.2728 	 58.3671 	 55.4534 	 60.0742
142.2857 	 8.8809 	 135.2500 	 -47.5652 	   59.5116 	 63.8647 	 63.3233 	 58.4134 	 55.4953 	 60.1217
143.1429 	 8.8908 	 135.2500 	 -47.5479 	   59.5571 	 63.9160 	 63.3732 	 58.4593 	 55.5368 	 60.1685
144.0000 	 8.9008 	 135.2500 	 -47.5305 	   59.6024 	 63.9671 	 63.4227 	 58.5048 	 55.5779 	 60.2150
144.8571 	 8.9105 	 135.2500 	 -47.5134 	   59.6470 	 64.0174 	 63.4716 	 58.5499 	 55.6185 	 60.2609
145.7143 	 8.9203 	 135.2500 	 -47.4964 	   59.6913 	 64.0675 	 63.5201 	 58.5946 	 55.6588 	 60.3065
146.5714 	 8.9295 	 135.2500 	 -47.4805 	   59.7350 	 64.1166 	 63.5677 	 58.6389 	 55.6987 	 60.3514
147.4286 	 8.9391 	 135.2500 	 -47.4628 	   59.7784 	 64.1657 	 63.6153 	 58.6826 	 55.7382 	 60.3961
148.2857 	 8.9482 	 135.2500 	 -47.4464 	   59.8213 	 64.2139 	 63.6622 	 58.7261 	 55.7774 	 60.4402
149.1429 	 8.9576 	 135.2500 	 -47.4299 	   59.8639 	 64.2620 	 63.7088 	 58.7692 	 55.8161 	 60.4840
150.0000 	 8.9666 	 135.2500 	 -47.4138 	   59.9059 	 64.3093 	 63.7549 	 58.8118 	 55.8546 	 60.5273
150.8571 	 8.9757 	 135.2500 	 -47.3976 	   59.9476 	 64.3564 	 63.8006 	 58.8541 	 55.8926 	 60.5703
151.7143 	 8.9847 	 135.2500 	 -47.3819 	   59.9888 	 64.4030 	 63.8456 	 58.8960 	 55.9303 	 60.6128
152.5714 	 8.9934 	 135.2500 	 -47.3660 	   60.0296 	 64.4491 	 63.8905 	 58.9376 	 55.9676 	 60.6549
153.4286 	 9.0022 	 135.2500 	 -47.3505 	   60.0700 	 64.4947 	 63.9348 	 58.9788 	 56.0046 	 60.6966
154.2857 	 9.0108 	 135.2500 	 -47.3577 	   60.1101 	 64.5399 	 63.9788 	 59.0196 	 56.0412 	 60.7379
155.1429 	 9.0191 	 135.2500 	 -47.3425 	   60.1496 	 64.5845 	 64.0224 	 59.0600 	 56.0775 	 60.7788
156.0000 	 9.0277 	 135.0000 	 -47.5773 	   60.1889 	 64.6289 	 64.0655 	 59.1001 	 56.1134 	 60.8194
156.8571 	 9.0359 	 135.0000 	 -47.5622 	   60.2277 	 64.6727 	 64.1082 	 59.1398 	 56.1491 	 60.8595
157.7143 	 9.0443 	 135.0000 	 -47.5475 	   60.2662 	 64.7163 	 64.1506 	 59.1792 	 56.1844 	 60.8993
158.5714 	 9.0527 	 135.0000 	 -47.5327 	   60.3044 	 64.7598 	 64.1927 	 59.2183 	 56.2193 	 60.9389
159.4286 	 9.0609 	 135.0000 	 -47.5180 	   60.3422 	 64.8024 	 64.2343 	 59.2569 	 56.2539 	 60.9779
160.2857 	 9.0691 	 135.0000 	 -47.5034 	   60.3796 	 64.8449 	 64.2756 	 59.2952 	 56.2882 	 61.0167
161.1429 	 9.0772 	 135.0000 	 -47.4892 	   60.4167 	 64.8868 	 64.3165 	 59.3332 	 56.3223 	 61.0551
162.0000 	 9.0853 	 135.0000 	 -47.4749 	   60.4534 	 64.9285 	 64.3571 	 59.3709 	 56.3560 	 61.0932
162.8571 	 9.0931 	 135.0000 	 -47.4610 	   60.4898 	 64.9697 	 64.3973 	 59.4082 	 56.3894 	 61.1309
163.7143 	 9.1007 	 135.0000 	 -47.4468 	   60.5258 	 65.0104 	 64.4369 	 59.4453 	 56.4226 	 61.1682
164.5714 	 9.1083 	 135.0000 	 -47.4337 	   60.5613 	 65.0507 	 64.4764 	 59.4821 	 56.4554 	 61.2052
165.4286 	 9.1158 	 135.0000 	 -47.4203 	   60.5966 	 65.0906 	 64.5153 	 59.5185 	 56.4880 	 61.2418
166.2857 	 9.1232 	 135.0000 	 -47.4071 	   60.6315 	 65.1301 	 64.5540 	 59.5546 	 56.5203 	 61.2781
167.1429 	 9.1306 	 135.0000 	 -47.3943 	   60.6660 	 65.1694 	 64.5923 	 59.5904 	 56.5522 	 61.3141
168.0000 	 9.1380 	 135.0000 	 -47.3816 	   60.7005 	 65.2088 	 64.6302 	 59.6259 	 56.5839 	 61.3499
168.8571 	 9.1450 	 135.0000 	 -47.3689 	   60.7344 	 65.2468 	 64.6678 	 59.6611 	 56.6153 	 61.3851
169.7143 	 9.1522 	 135.0000 	 -47.3565 	   60.7680 	 65.2853 	 64.7051 	 59.6960 	 56.6465 	 61.4202
170.5714 	 9.1594 	 135.0000 	 -47.3443 	   60.8013 	 65.3229 	 64.7426 	 59.7306 	 56.6773 	 61.4549
171.4286 	 9.1666 	 135.0000 	 -47.3322 	   60.8342 	 65.3606 	 64.7790 	 59.7649 	 56.7079 	 61.4893
172.2857 	 9.1734 	 135.0000 	 -47.3900 	   60.8669 	 65.3976 	 64.8155 	 59.7981 	 56.7382 	 61.5232
173.1429 	 9.1803 	 135.0000 	 -47.3761 	   60.8992 	 65.4343 	 64.8512 	 59.8316 	 56.7682 	 61.5569
174.0000 	 9.1870 	 135.0000 	 -47.3623 	   60.9312 	 65.4706 	 64.8868 	 59.8649 	 56.7979 	 61.5903
174.8571 	 9.1937 	 135.0000 	 -47.3490 	   60.9628 	 65.5067 	 64.9220 	 59.8980 	 56.8274 	 61.6234
175.7143 	 9.2003 	 135.0000 	 -47.3357 	   60.9942 	 65.5424 	 64.9569 	 59.9308 	 56.8566 	 61.6562
176.5714 	 9.2068 	 135.0000 	 -47.3227 	   61.0253 	 65.5777 	 64.9916 	 59.9633 	 56.8856 	 61.6887
177.4286 	 9.2133 	 135.0000 	 -47.3099 	   61.0561 	 65.6128 	 65.0259 	 59.9956 	 56.9143 	 61.7209
178.2857 	 9.2197 	 135.0000 	 -47.2772 	   61.0866 	 65.6475 	 65.0600 	 60.0276 	 56.9427 	 61.7529
179.1429 	 9.2262 	 135.0000 	 -47.2648 	   61.1168 	 65.6820 	 65.0937 	 60.0594 	 56.9709 	 61.7846
180.0000 	 9.2326 	 135.0000 	 -47.2521 	   61.1469 	 65.7162 	 65.1273 	 60.0908 	 56.9989 	 61.8160
180.8571 	 9.2388 	 135.0000 	 -47.2399 	   61.1765 	 65.7499 	 65.1605 	 60.1220 	 57.0266 	 61.8471
181.7143 	 9.2450 	 135.0000 	 -47.2279 	   61.2059 	 65.7834 	 65.1934 	 60.1530 	 57.0540 	 61.8779
182.5714 	 9.2509 	 135.0000 	 -47.2163 	   61.2349 	 65.8164 	 65.2259 	 60.1837 	 57.0813 	 61.9084
183.4286 	 9.2569 	 135.0000 	 -47.2048 	   61.2638 	 65.8492 	 65.2583 	 60.2141 	 57.1083 	 61.9387
184.2857 	 9.2628 	 135.0000 	 -47.1935 	   61.2921 	 65.8816 	 65.2902 	 60.2443 	 57.1350 	 61.9687
185.1429 	 9.2686 	 135.0000 	 -47.1824 	   61.3204 	 65.9137 	 65.3220 	 60.2743 	 57.1615 	 61.9984
186.0000 	 9.2744 	 135.0000 	 -47.1715 	   61.3482 	 65.9456 	 65.3534 	 60.3039 	 57.1877 	 62.0278
186.8571 	 9.2801 	 135.0000 	 -47.1607 	   61.3759 	 65.9771 	 65.3845 	 60.3334 	 57.2137 	 62.0569
187.7143 	 9.2857 	 135.0000 	 -47.1500 	   61.4032 	 66.0083 	 65.4154 	 60.3625 	 57.2395 	 62.0858
188.5714 	 9.2913 	 135.0000 	 -47.1396 	   61.4303 	 66.0391 	 65.4459 	 60.3914 	 57.2650 	 62.1144
189.4286 	 9.2968 	 135.0000 	 -47.1293 	   61.4572 	 66.0699 	 65.4762 	 60.4200 	 57.2903 	 62.1427
190.2857 	 9.3022 	 135.0000 	 -47.1192 	   61.4837 	 66.1000 	 65.5062 	 60.4484 	 57.3154 	 62.1708
191.1429 	 9.3076 	 135.0000 	 -47.1092 	   61.5101 	 66.1302 	 65.5360 	 60.4766 	 57.3403 	 62.1986
192.0000 	 9.3129 	 135.0000 	 -47.0994 	   61.5361 	 66.1597 	 65.5654 	 60.5045 	 57.3649 	 62.2261
192.8571 	 9.3182 	 135.0000 	 -47.0897 	   61.5619 	 66.1893 	 65.5946 	 60.5321 	 57.3893 	 62.2535
193.7143 	 9.3234 	 135.0000 	 -47.0801 	   61.5874 	 66.2184 	 65.6236 	 60.5595 	 57.4135 	 62.2805
194.5714 	 9.3286 	 135.0000 	 -47.0706 	   61.6128 	 66.2474 	 65.6522 	 60.5867 	 57.4375 	 62.3073
195.4286 	 9.3336 	 135.0000 	 -47.0611 	   61.6378 	 66.2759 	 65.6806 	 60.6136 	 57.4612 	 62.3338
196.2857 	 9.3387 	 135.0000 	 -47.0515 	   61.6626 	 66.3043 	 65.7088 	 60.6403 	 57.4847 	 62.3602
197.1429 	 9.3436 	 135.0000 	 -47.0422 	   61.6872 	 66.3324 	 65.7367 	 60.6667 	 57.5081 	 62.3862
198.0000 	 9.3485 	 135.0000 	 -47.0330 	   61.7116 	 66.3602 	 65.7643 	 60.6929 	 57.5312 	 62.4120
198.8571 	 9.3534 	 135.0000 	 -47.0238 	   61.7357 	 66.3877 	 65.7917 	 60.7189 	 57.5541 	 62.4376
199.7143 	 9.3581 	 135.0000 	 -47.0149 	   61.7595 	 66.4149 	 65.8188 	 60.7446 	 57.5768 	 62.4629
200.5714 	 9.3628 	 135.0000 	 -47.0060 	   61.7832 	 66.4419 	 65.8456 	 60.7702 	 57.5993 	 62.4880
201.4286 	 9.3674 	 135.0000 	 -46.9973 	   61.8065 	 66.4686 	 65.8723 	 60.7954 	 57.6216 	 62.5129
202.2857 	 9.3720 	 135.0000 	 -47.0060 	   61.8297 	 66.4950 	 65.8986 	 60.8205 	 57.6437 	 62.5375
203.1429 	 9.3765 	 135.0000 	 -46.9975 	   61.8526 	 66.5212 	 65.9247 	 60.8453 	 57.6656 	 62.5619
204.0000 	 9.3810 	 135.0000 	 -46.9892 	   61.8753 	 66.5471 	 65.9506 	 60.8699 	 57.6873 	 62.5861
204.8571 	 9.3854 	 135.0000 	 -46.9809 	   61.8978 	 66.5728 	 65.9762 	 60.8943 	 57.7088 	 62.6100
205.7143 	 9.3898 	 135.0000 	 -46.9728 	   61.9201 	 66.5983 	 66.0017 	 60.9184 	 57.7302 	 62.6337
206.5714 	 9.3941 	 135.0000 	 -46.9647 	   61.9422 	 66.6234 	 66.0268 	 60.9424 	 57.7513 	 62.6572
207.4286 	 9.3983 	 135.0000 	 -46.9568 	   61.9640 	 66.6484 	 66.0518 	 60.9661 	 57.7722 	 62.6805
208.2857 	 9.4025 	 135.0000 	 -46.9490 	   61.9856 	 66.6731 	 66.0765 	 60.9897 	 57.7930 	 62.7036
209.1429 	 9.4067 	 135.0000 	 -46.9412 	   62.0071 	 66.6976 	 66.1009 	 61.0130 	 57.8136 	 62.7265
210.0000 	 9.4107 	 135.0000 	 -46.9336 	   62.0283 	 66.7218 	 66.1251 	 61.0361 	 57.8340 	 62.7491
210.8571 	 9.4147 	 135.0000 	 -46.9260 	   62.0493 	 66.7459 	 66.1491 	 61.0590 	 57.8542 	 62.7715
211.7143 	 9.4188 	 135.0000 	 -46.9177 	   62.0703 	 66.7699 	 66.1730 	 61.0817 	 57.8743 	 62.7938
212.5714 	 9.4227 	 135.0000 	 -46.9110 	   62.0908 	 66.7933 	 66.1967 	 61.1043 	 57.8941 	 62.8158
213.4286 	 9.4267 	 135.0000 	 -46.9034 	   62.1114 	 66.8169 	 66.2201 	 61.1266 	 57.9139 	 62.8378
214.2857 	 9.4305 	 135.0000 	 -46.8963 	   62.1316 	 66.8399 	 66.2433 	 61.1487 	 57.9334 	 62.8594
215.1429 	 9.4344 	 135.0000 	 -46.8892 	   62.1517 	 66.8630 	 66.2663 	 61.1707 	 57.9527 	 62.8809
216.0000 	 9.4379 	 135.0000 	 -46.8822 	   62.1715 	 66.8851 	 66.2891 	 61.1924 	 57.9719 	 62.9020
216.8571 	 9.4419 	 135.0000 	 -46.8753 	   62.1912 	 66.9080 	 66.3117 	 61.2140 	 57.9909 	 62.9232
217.7143 	 9.4454 	 135.0000 	 -46.8684 	   62.2107 	 66.9300 	 66.3341 	 61.2354 	 58.0098 	 62.9440
218.5714 	 9.4493 	 135.0000 	 -46.8616 	   62.2300 	 66.9523 	 66.3563 	 61.2566 	 58.0285 	 62.9648
219.4286 	 9.4528 	 135.0000 	 -46.8549 	   62.2492 	 66.9741 	 66.3784 	 61.2776 	 58.0470 	 62.9853
220.2857 	 9.4566 	 135.0000 	 -46.8474 	   62.2684 	 66.9961 	 66.4003 	 61.2985 	 58.0654 	 63.0057
221.1429 	 9.4600 	 135.0000 	 -46.8415 	   62.2871 	 67.0175 	 66.4219 	 61.3191 	 58.0836 	 63.0258
222.0000 	 9.4637 	 135.0000 	 -46.8346 	   62.3058 	 67.0390 	 66.4434 	 61.3396 	 58.1016 	 63.0459
222.8571 	 9.4670 	 135.0000 	 -46.8284 	   62.3242 	 67.0600 	 66.4647 	 61.3600 	 58.1195 	 63.0657
223.7143 	 9.4706 	 135.0000 	 -46.8220 	   62.3426 	 67.0811 	 66.4858 	 61.3801 	 58.1372 	 63.0854
224.5714 	 9.4739 	 135.0000 	 -46.8157 	   62.3607 	 67.1017 	 66.5067 	 61.4001 	 58.1548 	 63.1048
225.4286 	 9.4773 	 135.0000 	 -46.8095 	   62.3787 	 67.1223 	 66.5274 	 61.4199 	 58.1723 	 63.1241
226.2857 	 9.4805 	 135.0000 	 -46.8034 	   62.3965 	 67.1426 	 66.5479 	 61.4396 	 58.1896 	 63.1432
227.1429 	 9.4838 	 135.0000 	 -46.7973 	   62.4141 	 67.1628 	 66.5682 	 61.4591 	 58.2067 	 63.1622
228.0000 	 9.4870 	 135.0000 	 -46.7913 	   62.4316 	 67.1827 	 66.5884 	 61.4784 	 58.2237 	 63.1810
228.8571 	 9.4903 	 135.0000 	 -46.7853 	   62.4489 	 67.2026 	 66.6084 	 61.4976 	 58.2405 	 63.1996
229.7143 	 9.4934 	 135.0000 	 -46.7794 	   62.4660 	 67.2222 	 66.6282 	 61.5166 	 58.2572 	 63.2180
230.5714 	 9.4965 	 135.0000 	 -46.7736 	   62.4830 	 67.2416 	 66.6479 	 61.5355 	 58.2737 	 63.2363
231.4286 	 9.4996 	 135.0000 	 -46.7532 	   62.4998 	 67.2608 	 66.6673 	 61.5541 	 58.2901 	 63.2545
232.2857 	 9.5027 	 135.0000 	 -46.7474 	   62.5165 	 67.2799 	 66.6866 	 61.5727 	 58.3064 	 63.2724
233.1429 	 9.5057 	 135.0000 	 -46.7418 	   62.5330 	 67.2988 	 66.7058 	 61.5911 	 58.3225 	 63.2902
234.0000 	 9.5087 	 135.0000 	 -46.7362 	   62.5494 	 67.3176 	 66.7247 	 61.6093 	 58.3385 	 63.3079
234.8571 	 9.5116 	 135.0000 	 -46.7307 	   62.5656 	 67.3361 	 66.7436 	 61.6274 	 58.3544 	 63.3254
235.7143 	 9.5147 	 135.0000 	 -46.7252 	   62.5816 	 67.3545 	 66.7622 	 61.6453 	 58.3699 	 63.3427
236.5714 	 9.5176 	 135.0000 	 -46.7198 	   62.5976 	 67.3727 	 66.7807 	 61.6631 	 58.3855 	 63.3599
237.4286 	 9.5205 	 135.0000 	 -46.7144 	   62.6133 	 67.3908 	 66.7990 	 61.6808 	 58.4009 	 63.3769
238.2857 	 9.5233 	 135.0000 	 -46.7091 	   62.6289 	 67.4086 	 66.8171 	 61.6983 	 58.4162 	 63.3938
239.1429 	 9.5261 	 135.0000 	 -46.7039 	   62.6444 	 67.4264 	 66.8351 	 61.7156 	 58.4313 	 63.4106
240.0000 	 9.5288 	 135.0000 	 -46.6987 	   62.6598 	 67.4439 	 66.8530 	 61.7328 	 58.4464 	 63.4272
240.8571 	 9.5315 	 135.0000 	 -46.6936 	   62.6750 	 67.4613 	 66.8707 	 61.7499 	 58.4613 	 63.4436
241.7143 	 9.5342 	 135.0000 	 -46.6885 	   62.6900 	 67.4786 	 66.8882 	 61.7668 	 58.4761 	 63.4599
242.5714 	 9.5369 	 135.0000 	 -46.6835 	   62.7050 	 67.4957 	 66.9056 	 61.7836 	 58.4908 	 63.4761
243.4286 	 9.5395 	 135.0000 	 -46.6786 	   62.7198 	 67.5126 	 66.9228 	 61.8002 	 58.5053 	 63.4921
244.2857 	 9.5421 	 135.0000 	 -46.6737 	   62.7344 	 67.5294 	 66.9399 	 61.8167 	 58.5197 	 63.5080
245.1429 	 9.5447 	 135.0000 	 -46.6688 	   62.7490 	 67.5460 	 66.9568 	 61.8331 	 58.5340 	 63.5238
246.0000 	 9.5472 	 135.0000 	 -46.6640 	   62.7634 	 67.5625 	 66.9736 	 61.8494 	 58.5482 	 63.5394
246.8571 	 9.5497 	 135.0000 	 -46.6597 	   62.7776 	 67.5787 	 66.9903 	 61.8655 	 58.5623 	 63.5549
247.7143 	 9.5522 	 135.0000 	 -46.6547 	   62.7918 	 67.5950 	 67.0068 	 61.8815 	 58.5763 	 63.5703
248.5714 	 9.5546 	 135.0000 	 -46.6502 	   62.8058 	 67.6110 	 67.0232 	 61.8974 	 58.5901 	 63.5855
249.4286 	 9.5571 	 135.0000 	 -46.6455 	   62.8197 	 67.6271 	 67.0394 	 61.9131 	 58.6038 	 63.6006
250.2857 	 9.5594 	 135.0000 	 -46.6410 	   62.8335 	 67.6427 	 67.0556 	 61.9288 	 58.6175 	 63.6156
251.1429 	 9.5618 	 135.0000 	 -46.6368 	   62.8471 	 67.6584 	 67.0715 	 61.9443 	 58.6310 	 63.6304
252.0000 	 9.5641 	 135.0000 	 -46.6321 	   62.8607 	 67.6738 	 67.0874 	 61.9596 	 58.6444 	 63.6452
252.8571 	 9.5664 	 135.0000 	 -46.6277 	   62.8740 	 67.6892 	 67.1031 	 61.9749 	 58.6577 	 63.6598
253.7143 	 9.5687 	 135.0000 	 -46.6231 	   62.8877 	 67.7045 	 67.1188 	 61.9900 	 58.6708 	 63.6744
